1 0.0010000864664714 0.00099984804789225
2 0.0010001659393311 0.00099968910217285
3 0.0010002454121908 0.001000722249349
4 0.0010000069936117 0.00099953015645345
5 0.0010008017222087 0.00099921226501465
6 0.00099992752075195 0.001002311706543
7 0.00099960962931315 0.0010002454121908
8 0.00099953015645345 0.001002311706543
9 0.00099770228068034 0.0010004838307699
10 0.0010100205739339 0.00099921226501465
11 0.0010006427764893 0.00099953015645345
12 0.0010091463724772 0.0010003248850505
13 0.00099976857503255 0.0010003248850505
14 0.00099976857503255 0.00099960962931315
15 0.0010008811950684 0.00099905331929525
16 0.0010004043579102 0.00099992752075195
17 0.0009917418162028 0.00099992752075195
18 0.00099984804789225 0.0010081132253011
19 0.0010002454121908 0.00099992752075195
20 0.00099992752075195 0.00099968910217285
21 0.0010000069936117 0.0010008017222087
22 0.00099897384643555 0.0010005633036296
23 0.00099945068359375 0.0010000069936117
24 0.0010091463724772 0.0010000069936117
25 0.00099293390909831 0.0010073979695638
26 0.00099976857503255 0.0010004043579102
27 0.00099968910217285 0.00099984804789225
28 0.0010001659393311 0.00099960962931315
29 0.001000722249349 0.0010004043579102
30 0.00099873542785645 0.0010004838307699
31 0.00099945068359375 0.00099984804789225
32 0.0010000069936117 0.0010000069936117
33 0.0010003248850505 0.00099960962931315
34 0.0010003248850505 0.00099968910217285
35 0.0010002454121908 0.00099992752075195
36 0.00099269549051921 0.0010077953338623
37 0.00099945068359375 0.0010000069936117
38 0.0010001659393311 0.00099945068359375
39 0.0010001659393311 0.0010001659393311
40 0.00099968910217285 0.0010001659393311
41 0.0010003248850505 0.0009924570719401
42 0.0010071595509847 0.0010003248850505
43 0.00099945068359375 0.0010004838307699
44 0.00099937121073405 0.0010004043579102
45 0.0010000864664714 0.0010000069936117
46 0.00099945068359375 0.0010004043579102
47 0.00099992752075195 0.00099976857503255
48 0.0010002454121908 0.00099976857503255
49 0.0010000864664714 0.00099953015645345
50 0.00099992752075195 0.0010000069936117
51 0.0010005633036296 0.00099945068359375
52 0.0010000864664714 0.0010000069936117
53 0.00099968910217285 0.0010000069936117
54 0.0010003248850505 0.00099992752075195
55 0.0010002454121908 0.0010000069936117
56 0.0010000069936117 0.00099968910217285
57 0.00099953015645345 0.0010000864664714
58 0.0010003248850505 0.0010002454121908
59 0.00099960962931315 0.0010000864664714
60 0.0010095437367757 0.00099960962931315
61 0.00099984804789225 0.0010002454121908
62 0.0010003248850505 0.00099945068359375
63 0.00099992752075195 0.00099992752075195
64 0.0010000069936117 0.0010000864664714
65 0.00099984804789225 0.0010004043579102
66 0.00099992752075195 0.0010001659393311
67 0.0010000069936117 0.00099929173787435
68 0.0010005633036296 0.00099945068359375
69 0.00099992752075195 0.00099992752075195
70 0.0010005633036296 0.00099976857503255
71 0.0010000069936117 0.00099960962931315
72 0.0010018348693848 0.0009915033976237
73 0.0010069211324056 0.00099953015645345
74 0.0010001659393311 0.00099984804789225
75 0.0010005633036296 0.0010000069936117
76 0.00099937121073405 0.00099984804789225
77 0.0010004043579102 0.0010000069936117
78 0.00099976857503255 0.0010002454121908
79 0.00099984804789225 0.0010000864664714
80 0.00099945068359375 0.0010000069936117
81 0.0010000069936117 0.00099984804789225
82 0.0010000864664714 0.0010004043579102
83 0.00099976857503255 0.0010000864664714
84 0.0010001659393311 0.00099937121073405
85 0.0010004043579102 0.00099984804789225
86 0.00099984804789225 0.00099953015645345
87 0.0010004043579102 0.0010000069936117
88 0.00099945068359375 0.001001516977946
89 0.00099921226501465 0.00099953015645345
90 0.0010000864664714 0.0010000069936117
91 0.0010001659393311 0.00099984804789225
92 0.0010000069936117 0.00099992752075195
93 0.00099976857503255 0.00099984804789225
94 0.0010003248850505 0.00099269549051921
95 0.0010068416595459 0.0010001659393311
96 0.00099976857503255 0.0010000069936117
97 0.0010000069936117 0.0010004838307699
98 0.00099976857503255 0.0010003248850505
99 0.00099921226501465 0.00099285443623861
100 0.0010071595509847 0.00099992752075195
101 0.0010003248850505 0.00099968910217285
102 0.0010004043579102 0.00099953015645345
103 0.0010003248850505 0.00099984804789225
104 0.00099968910217285 0.0010003248850505
105 0.0010013580322266 0.00099865595499674
106 0.00099960962931315 0.00099984804789225
107 0.0010004043579102 0.0010000069936117
108 0.00099953015645345 0.0010001659393311
109 0.0010002454121908 0.0010001659393311
110 0.00099976857503255 0.00099960962931315
111 0.00099984804789225 0.0010004838307699
112 0.00099992752075195 0.0010000069936117
113 0.0010004838307699 0.00099945068359375
114 0.0010004043579102 0.0010000864664714
115 0.00099992752075195 0.00099976857503255
116 0.0009922981262207 0.0010072390238444
117 0.0010004043579102 0.00099984804789225
118 0.0010002454121908 0.00099945068359375
119 0.0010004043579102 0.00099992752075195
120 0.00099960962931315 0.0010004838307699
121 0.00099945068359375 0.0010014375050863
122 0.00099921226501465 0.00099953015645345
123 0.0010000069936117 0.0010000069936117
124 0.0010001659393311 0.00099945068359375
125 0.0010011196136475 0.00099897384643555
126 0.0010002454121908 0.00099968910217285
127 0.00099984804789225 0.0010001659393311
128 0.0010000069936117 0.00099301338195801
129 0.0010070006052653 0.0010000069936117
130 0.0010006427764893 0.00099897384643555
131 0.0009919007619222 0.0010005633036296
132 0.0010000864664714 0.0010073184967041
133 0.00099992752075195 0.0010003248850505
134 0.0010001659393311 0.00099953015645345
135 0.00099984804789225 0.001001516977946
136 0.00099937121073405 0.00099960962931315
137 0.00099261601765951 0.0010072390238444
138 0.0010030269622803 0.00099738438924154
139 0.00099913279215495 0.0010004838307699
140 0.0010002454121908 0.0009922981262207
141 0.001007080078125 0.0010000864664714
142 0.001000722249349 0.00099913279215495
143 0.00099984804789225 0.0010001659393311
144 0.00099953015645345 0.00099984804789225
145 0.0010004838307699 0.00099960962931315
146 0.0010000069936117 0.0010003248850505
147 0.0009923775990804 0.0010076363881429
148 0.0010000069936117 0.0010004043579102
149 0.00099905331929525 0.0010002454121908
150 0.00099992752075195 0.00099992752075195
151 0.0010002454121908 0.00099953015645345
152 0.00099261601765951 0.0010071595509847
153 0.0010000864664714 0.0010001659393311
154 0.0010000864664714 0.00099968910217285
155 0.0010000069936117 0.0010000864664714
156 0.0010000069936117 0.00099976857503255
157 0.00099317232767741 0.0010068416595459
158 0.0010012785593669 0.0010000864664714
159 0.00099841753641764 0.0010002454121908
160 0.0010006427764893 0.0010000864664714
161 0.00099953015645345 0.00099937121073405
162 0.0010013580322266 0.00099865595499674
163 0.0010011196136475 0.0010002454121908
164 0.00099897384643555 0.00099945068359375
165 0.0010006427764893 0.00099960962931315
166 0.0010004043579102 0.00099921226501465
167 0.00099309285481771 0.0010068416595459
168 0.0010000069936117 0.0010008811950684
169 0.00099960962931315 0.00099945068359375
170 0.00099984804789225 0.001000722249349
171 0.00099929173787435 0.0010008811950684
172 0.00099992752075195 0.00099913279215495
173 0.0010001659393311 0.00099968910217285
174 0.00099285443623861 0.0010003248850505
175 0.0010073184967041 0.0010001659393311
176 0.00099984804789225 0.00099992752075195
177 0.00099984804789225 0.00099960962931315
178 0.0010008811950684 0.00099945068359375
179 0.00099277496337891 0.001007080078125
180 0.0010008017222087 0.0010002454121908
181 0.00099849700927734 0.00099984804789225
182 0.0010008017222087 0.00099984804789225
183 0.0010000069936117 0.0010005633036296
184 0.0009917418162028 0.001007874806722
185 0.00099953015645345 0.00099960962931315
186 0.0010003248850505 0.001000722249349
187 0.00099905331929525 0.0010000864664714
188 0.0010000864664714 0.00099992752075195
189 0.0010009606679281 0.00099905331929525
190 0.0010008017222087 0.0009917418162028
191 0.0010073184967041 0.00099945068359375
192 0.0010000069936117 0.00099317232767741
193 0.001007080078125 0.00099968910217285
194 0.0010005633036296 0.0009921391805013
195 0.0010071595509847 0.001000722249349
196 0.00099937121073405 0.0010006427764893
197 0.00099976857503255 0.00099937121073405
198 0.0009921391805013 0.0010083516438802
199 0.0010000069936117 0.0010000864664714
200 0.0010008017222087 0.00099841753641764
201 0.0010002454121908 0.00099976857503255
202 0.00099261601765951 0.0010072390238444
203 0.00099317232767741 0.0010073184967041
204 0.0009920597076416 0.0010085105895996
205 0.00099921226501465 0.0010001659393311
206 0.00099992752075195 0.0010000069936117
207 0.00099937121073405 0.0010006427764893
208 0.0010000069936117 0.00099976857503255
209 0.00099984804789225 0.0010001659393311
210 0.0010000069936117 0.00099953015645345
211 0.00099341074625651 0.0010067621866862
212 0.0009923775990804 0.0010075569152832
213 0.0010011990865072 0.00099881490071615
214 0.00099293390909831 0.00099945068359375
215 0.0010074774424235 0.00099293390909831
216 0.0010083516438802 0.00099865595499674
217 0.0010000864664714 0.0010001659393311
218 0.0009920597076416 0.0010077158610026
219 0.00099945068359375 0.00099325180053711
220 0.0010068416595459 0.0010002454121908
221 0.00099285443623861 0.0010067621866862
222 0.0010004043579102 0.0010009606679281
223 0.00099921226501465 0.00099976857503255
224 0.0009921391805013 0.0010000069936117
225 0.0010072390238444 0.0010000069936117
226 0.00099317232767741 0.0010068416595459
227 0.0010008811950684 0.00099984804789225
228 0.00099309285481771 0.0010060469309489
229 0.0010005633036296 0.0010000069936117
230 0.0020007292429606 0.00099945068359375
231 0.00099984804789225 0.0010001659393311
232 0.0009916623433431 0.0010000069936117
233 0.0010071595509847 0.0010003248850505
234 0.0010011196136475 0.00099897384643555
235 0.0010000069936117 0.00099953015645345
236 0.0010006427764893 0.00099976857503255
237 0.0010000864664714 0.0010008017222087
238 0.00099905331929525 0.00099968910217285
239 0.0010000069936117 0.0010002454121908
240 0.00099937121073405 0.00099325180053711
241 0.0010067621866862 0.0010003248850505
242 0.0010004043579102 0.00099921226501465
243 0.0010000069936117 0.00099992752075195
244 0.001000722249349 0.0009922981262207
245 0.0010073184967041 0.00099984804789225
246 0.00099960962931315 0.00099992752075195
247 0.00099317232767741 0.0010072390238444
248 0.0009921391805013 0.0010083516438802
249 0.00099905331929525 0.00099992752075195
250 0.0010005633036296 0.00099269549051921
251 0.0010069211324056 0.0010011990865072
252 0.00099905331929525 0.00099992752075195
253 0.00099953015645345 0.00099992752075195
254 0.0010011990865072 0.00099921226501465
255 0.0010000069936117 0.00099968910217285
256 0.00099984804789225 0.00099984804789225
257 0.00099293390909831 0.0010084311167399
258 0.00099921226501465 0.0009924570719401
259 0.0010071595509847 0.00099953015645345
260 0.0010010401407878 0.00099976857503255
261 0.00099945068359375 0.00099976857503255
262 0.00099261601765951 0.0010088284810384
263 0.00099873542785645 0.0010002454121908
264 0.00099984804789225 0.00099984804789225
265 0.00099992752075195 0.0010001659393311
266 0.0010000069936117 0.00099984804789225
267 0.00099269549051921 0.0010068416595459
268 0.00099261601765951 0.0010083516438802
269 0.00099945068359375 0.00099968910217285
270 0.0010001659393311 0.0010000069936117
271 0.0010000864664714 0.0010000069936117
272 0.0009919802347819 0.0010072390238444
273 0.0010004043579102 0.0010000069936117
274 0.000992218653361 0.0010074774424235
275 0.0010002454121908 0.00099976857503255
276 0.0009922981262207 0.0010081132253011
277 0.000992218653361 0.001007080078125
278 0.0009925365447998 0.0010082721710205
279 0.00099929173787435 0.0009925365447998
280 0.0010076363881429 0.0010000864664714
281 0.00099953015645345 0.0010001659393311
282 0.0009922981262207 0.0010075569152832
283 0.00099960962931315 0.0010000069936117
284 0.0010004043579102 0.00099976857503255
285 0.0010004838307699 0.00099984804789225
286 0.0009921391805013 0.001000722249349
287 0.00099929173787435 0.0010081926981608
288 0.0013327598571777 0.00099261601765951
289 0.0010072390238444 0.00099945068359375
290 0.0013261636098226 0.001008669535319
291 0.00099873542785645 0.0010000069936117
292 0.0013336340586344 0.00099929173787435
293 0.0010015964508057 0.00099857648213704
294 0.0013338724772135 0.0010005633036296
295 0.00099873542785645 0.0010008811950684
296 0.001333475112915 0.00099078814188639
297 0.0010080337524414 0.00099984804789225
298 0.0013337930043538 0.00099960962931315
299 0.0010015964508057 0.00099889437357585
300 0.0013326009114583 0.0010014375050863
301 0.00099857648213704 0.0010002454121908
302 0.0013345082600911 0.00099849700927734
303 0.0010000069936117 0.00099984804789225
304 0.0013338724772135 0.00099261601765951
305 0.0010077158610026 0.00099905331929525
306 0.0013340314229329 0.0010003248850505
307 0.00099937121073405 0.00099953015645345
308 0.0013337135314941 0.00099992752075195
309 0.00099953015645345 0.0010004043579102
310 0.0013331572214762 0.0009922981262207
311 0.0013333161671956 0.0010073184967041
312 0.0013337135314941 0.00099269549051921
313 0.0013400713602702 0.0010004043579102
314 0.0013329188028971 0.0010005633036296
315 0.00099953015645345 0.0010014375050863
316 0.0013245741526286 0.001007080078125
317 0.0010016759236654 0.00099857648213704
318 0.0016669432322184 0.0009925365447998
319 0.0013403097788493 0.0010004043579102
320 0.0013329982757568 0.00099968910217285
321 0.0013332366943359 0.0010000069936117
322 0.0013335545857747 0.00099968910217285
323 0.0013264815012614 0.0010068416595459
324 0.0013335545857747 0.00099285443623861
325 0.0013406276702881 0.0010000069936117
326 0.0013329188028971 0.0010000864664714
327 0.0013333161671956 0.00099960962931315
328 0.0013337930043538 0.00099945068359375
329 0.0013260841369629 0.0010071595509847
330 0.0013338724772135 0.00099269549051921
331 0.0013403097788493 0.0010002454121908
332 0.0013337930043538 0.00099889437357585
333 0.0013333161671956 0.0010004043579102
334 0.0013333161671956 0.00099984804789225
335 0.0013260841369629 0.0010068416595459
336 0.0013338724772135 0.00099261601765951
337 0.001340389251709 0.0010000864664714
338 0.0016665458679199 0.00099992752075195
339 0.0013345082600911 0.00099841753641764
340 0.0016666253407796 0.00099992752075195
341 0.0013340314229329 0.00099937121073405
342 0.0016671816507975 0.0010004838307699
343 0.0013326009114583 0.00099984804789225
344 0.0016591548919678 0.001007080078125
345 0.0013333161671956 0.0010005633036296
346 0.0013332366943359 0.00099261601765951
347 0.001340389251709 0.0010003248850505
348 0.001332680384318 0.0010000069936117
349 0.001333475112915 0.00099976857503255
350 0.0016666253407796 0.0010011990865072
351 0.0013325214385986 0.00099992752075195
352 0.0013330777486165 0.0010000864664714
353 0.0013260046641032 0.0010073979695638
354 0.0016661485036214 0.0010004043579102
355 0.0013329188028971 0.001000722249349
356 0.0016668637593587 0.00099929173787435
357 0.0013329188028971 0.0010005633036296
358 0.0016666253407796 0.00099937121073405
359 0.0016670227050781 0.0010000069936117
360 0.0013337135314941 0.00099921226501465
361 0.0013336340586344 0.000992218653361
362 0.0016743342081706 0.00099960962931315
363 0.0013335545857747 0.00099968910217285
364 0.0013338724772135 0.00099960962931315
365 0.0016663074493408 0.0010004838307699
366 0.0016587575276693 0.0010076363881429
367 0.001333475112915 0.0010008017222087
368 0.001666784286499 0.00099992752075195
369 0.0016657511393229 0.0010003248850505
370 0.0016656716664632 0.0010010401407878
371 0.0016661485036214 0.00099945068359375
372 0.0016593933105469 0.0010085105895996
373 0.0016655127207438 0.0010003248850505
374 0.0016661485036214 0.0010003248850505
375 0.0013332366943359 0.00099984804789225
376 0.0016682942708333 0.00099802017211914
377 0.0016671816507975 0.0010008017222087
378 0.0013324419657389 0.00099992752075195
379 0.0016667048136393 0.00099929173787435
380 0.0013341903686523 0.00099945068359375
381 0.0016666253407796 0.00099984804789225
382 0.0016670227050781 0.00099937121073405
383 0.0016666253407796 0.0010000069936117
384 0.0016686916351318 0.00099841753641764
385 0.0016664663950602 0.0010003248850505
386 0.001665989557902 0.00099984804789225
387 0.0016597906748454 0.0010075569152832
388 0.0016585191090902 0.0010084311167399
389 0.0016662279764811 0.00099968910217285
390 0.0016593138376872 0.0010072390238444
391 0.0016679763793945 0.00099809964497884
392 0.0016734600067139 0.0010011196136475
393 0.0016656716664632 0.0010001659393311
394 0.001672903696696 0.0010006427764893
395 0.0016659100850423 0.0010003248850505
396 0.0016592343648275 0.0010074774424235
397 0.0016665458679199 0.001000722249349
398 0.0019919872283936 0.0010072390238444
399 0.0016662279764811 0.0010004043579102
400 0.001658837000529 0.0010073184967041
401 0.0016664663950602 0.0010009606679281
402 0.0020004113515218 0.00099873542785645
403 0.0016674200693766 0.00099953015645345
404 0.0016672611236572 0.0010000864664714
405 0.0016661485036214 0.0010004043579102
406 0.0019989808400472 0.0010008017222087
407 0.0016655921936035 0.0010003248850505
408 0.00199294090271 0.0010073979695638
409 0.0016657511393229 0.001001516977946
410 0.0016660690307617 0.0010073184967041
411 0.0016672611236572 0.00099913279215495
412 0.0019996960957845 0.00099984804789225
413 0.0016680558522542 0.00099945068359375
414 0.0016679763793945 0.00099873542785645
415 0.0016659100850423 0.0010002454121908
416 0.001992146174113 0.001007874806722
417 0.0016670227050781 0.0010003248850505
418 0.001658042271932 0.0010084311167399
419 0.0016667048136393 0.00099905331929525
420 0.0019922256469727 0.0010081132253011
421 0.0016665458679199 0.00099984804789225
422 0.0020004113515218 0.00099976857503255
423 0.0019995371500651 0.00099992752075195
424 0.0020006497701009 0.0009919007619222
425 0.0016735394795736 0.0010018348693848
426 0.0019981861114502 0.0010008017222087
427 0.0016669432322184 0.00099968910217285
428 0.0016659100850423 0.0010085105895996
429 0.0020000139872233 0.0010000069936117
430 0.0016663869222005 0.0010004043579102
431 0.0019996166229248 0.00099992752075195
432 0.0019999345143636 0.001000722249349
433 0.0016660690307617 0.0010006427764893
434 0.00200088818868 0.0010004043579102
435 0.0016658306121826 0.00099945068359375
436 0.0016682147979736 0.00099070866902669
437 0.0020084381103516 0.0010000864664714
438 0.0019990603129069 0.00099984804789225
439 0.0016667048136393 0.00099968910217285
440 0.001666784286499 0.0010000864664714
441 0.0016663869222005 0.0010002454121908
442 0.0016660690307617 0.0010014375050863
443 0.0019988218943278 0.0010000864664714
444 0.002000093460083 0.000992218653361
445 0.0016738573710124 0.0010001659393311
446 0.0020004113515218 0.0010006427764893
447 0.0019986629486084 0.0010003248850505
448 0.0016666253407796 0.0010000069936117
449 0.0019997755686442 0.0010000069936117
450 0.0020004113515218 0.00099913279215495
451 0.0020005702972412 0.0010000069936117
452 0.0019996166229248 0.0010000069936117
453 0.0020001729329427 0.00099976857503255
454 0.0019998550415039 0.00099960962931315
455 0.0016666253407796 0.0010003248850505
456 0.0019996166229248 0.00099992752075195
457 0.0019999345143636 0.0010005633036296
458 0.0016734600067139 0.00099976857503255
459 0.0019998550415039 0.001000722249349
460 0.0019995371500651 0.0010002454121908
461 0.0016660690307617 0.0010001659393311
462 0.00199294090271 0.0010073184967041
463 0.0019996960957845 0.0010000864664714
464 0.0020081202189128 0.00099865595499674
465 0.0020002524058024 0.0010000069936117
466 0.0016746520996094 0.00099929173787435
467 0.0020004908243815 0.00099984804789225
468 0.0020062128702799 0.00099968910217285
469 0.0019995371500651 0.0010004838307699
470 0.0016739368438721 0.0010008811950684
471 0.0019996960957845 0.00099929173787435
472 0.0019999345143636 0.0010032653808594
473 0.0019969940185547 0.00099984804789225
474 0.0023332436879476 0.0010008017222087
475 0.0019988218943278 0.0010003248850505
476 0.0020074844360352 0.0010000864664714
477 0.0020000139872233 0.0010002454121908
478 0.0049988428751628 0.0010082721710205
479 0.0019998550415039 0.0010000864664714
480 0.0023338794708252 0.0009916623433431
481 0.0020073254903158 0.00099937121073405
482 0.00200088818868 0.00099897384643555
483 0.0020003318786621 0.00099960962931315
484 0.0023337205251058 0.00099968910217285
485 0.0020003318786621 0.00099960962931315
486 0.0020002524058024 0.00099945068359375
487 0.0020007292429606 0.00099953015645345
488 0.0019997755686442 0.0010000864664714
489 0.0019999345143636 0.0010000069936117
490 0.0020074049631755 0.0010014375050863
491 0.0023314952850342 0.0010004043579102
492 0.0023330847422282 0.0010011196136475
493 0.001998504002889 0.0010001659393311
494 0.0019996960957845 0.0010000864664714
495 0.0020002524058024 0.00099992752075195
496 0.0020004113515218 0.001002311706543
497 0.0019967555999756 0.0010000069936117
498 0.0023332436879476 0.0010011990865072
499 0.0023320515950521 0.0010004043579102
500 0.0023329257965088 0.0010014375050863
501 0.0019984245300293 0.0010004043579102
502 0.0023331642150879 0.00099960962931315
503 0.0023342768351237 0.00099897384643555
504 0.0020004908243815 0.00099945068359375
505 0.0019998550415039 0.0010004838307699
506 0.0023332436879476 0.00099945068359375
507 0.0023333231608073 0.00099317232767741
508 0.0020069281260173 0.0010002454121908
509 0.0023330052693685 0.0010002454121908
510 0.0023330847422282 0.001000722249349
511 0.0019994576772054 0.00099945068359375
512 0.002333402633667 0.0010012785593669
513 0.0023317337036133 0.0010006427764893
514 0.0023317337036133 0.0010012785593669
515 0.0023323694864909 0.00099992752075195
516 0.0020073254903158 0.0010009606679281
517 0.0023334821065267 0.00099849700927734
518 0.0020078818003337 0.0009919007619222
519 0.0023406346638997 0.00099992752075195
520 0.0063416163126628 0.0016664663950602
521 0.0026664733886719 0.0013333956400553
522 0.0023328463236491 0.0009921391805013
523 0.0023412704467773 0.00099913279215495
524 0.002334197362264 0.0009921391805013
525 0.0023403962453206 0.0013339519500732
526 0.0020000139872233 0.0010000069936117
527 0.0023318926493327 0.0010004838307699
528 0.0023330847422282 0.0010001659393311
529 0.0023331642150879 0.00099984804789225
530 0.0063413778940837 0.0023337205251058
531 0.0029993851979574 0.0013336340586344
532 0.0023323694864909 0.0010001659393311
533 0.0023333231608073 0.00099992752075195
534 0.0023411115010579 0.0010006427764893
535 0.0026660760243734 0.0010000069936117
536 0.0020070870717367 0.001334269841512
537 0.0019989013671875 0.001000722249349
538 0.0026662349700928 0.00099277496337891
539 0.00234055519104 0.0010004838307699
540 0.0023326873779297 0.0010011990865072
541 0.0023319721221924 0.00099992752075195
542 0.0023333231608073 0.001000722249349
543 0.0026654402414958 0.0010002454121908
544 0.0020076433817546 0.0010001659393311
545 0.0023328463236491 0.00099984804789225
546 0.0026667912801107 0.0010001659393311
547 0.0023334821065267 0.00099984804789225
548 0.0023327668507894 0.0010009606679281
549 0.00233260790507 0.00099968910217285
550 0.0023401578267415 0.00099317232767741
551 0.0023430188496908 0.00099746386210124
552 0.002333402633667 0.00099945068359375
553 0.0026669502258301 0.00099960962931315
554 0.0023407141367594 0.0010011990865072
555 0.0023322900136312 0.00099992752075195
556 0.0023403962453206 0.00099277496337891
557 0.0023409525553385 0.0010000069936117
558 0.0026666323343913 0.0009925365447998
559 0.0023403167724609 0.0010004838307699
560 0.0026663939158122 0.00099277496337891
561 0.0023399988810221 0.0010010401407878
562 0.0023399988810221 0.00099269549051921
563 0.0023409525553385 0.0013333161671956
564 0.0026593208312988 0.00099984804789225
565 0.0023407936096191 0.00099937121073405
566 0.0023331642150879 0.0010016759236654
567 0.0026652812957764 0.00099984804789225
568 0.00265900293986 0.0010005633036296
569 0.0023403962453206 0.0013333161671956
570 0.0023328463236491 0.0010013580322266
571 0.0026657581329346 0.00099984804789225
572 0.0023408730824788 0.0009925365447998
573 0.0026772022247314 0.00099643071492513
574 0.0026588439941406 0.0010004838307699
575 0.0023407141367594 0.00099968910217285
576 0.0026723543802897 0.00099269549051921
577 0.00234055519104 0.0010001659393311
578 0.0026597181955973 0.0010000069936117
579 0.0023401578267415 0.0013340314229329
580 0.0023328463236491 0.0013260841369629
581 0.0023400783538818 0.0010000069936117
582 0.0026733080546061 0.00099277496337891
583 0.0023400783538818 0.0013337135314941
584 0.0023334821065267 0.0010004838307699
585 0.0026654402414958 0.0010004043579102
586 0.0026690165201823 0.0009922981262207
587 0.0023410320281982 0.0013330777486165
588 0.0026677449544271 0.0009911855061849
589 0.00234055519104 0.0013260841369629
590 0.0026737848917643 0.00099309285481771
591 0.0026737848917643 0.00099960962931315
592 0.0023407936096191 0.00099277496337891
593 0.0026740233103434 0.00099984804789225
594 0.0026742617289225 0.00099968910217285
595 0.0026667912801107 0.0010004838307699
596 0.0026655991872152 0.0013266404469808
597 0.0023329257965088 0.0013330777486165
598 0.0026708443959554 0.00099523862202962
599 0.0026718775431315 0.00099937121073405
600 0.0026721954345703 0.00099563598632812
601 0.0026737054189046 0.0010001659393311
602 0.0023399988810221 0.0013329188028971
603 0.0026671091715495 0.00099945068359375
604 0.0026665528615316 0.0013333956400553
605 0.0026665528615316 0.0010003248850505
606 0.0029999415079753 0.0010000069936117
607 0.0026665528615316 0.0010005633036296
608 0.00234055519104 0.0013338724772135
609 0.0026664733886719 0.00099945068359375
610 0.002674659093221 0.00099953015645345
611 0.0026663939158122 0.0013330777486165
612 0.0026665528615316 0.00099309285481771
613 0.0026737848917643 0.0010000864664714
614 0.002666711807251 0.00099301338195801
615 0.0030072530110677 0.00099984804789225
616 0.0029996236165365 0.0010000864664714
617 0.0026676654815674 0.0013326009114583
618 0.0026660760243734 0.00099269549051921
619 0.0030072530110677 0.0010001659393311
620 0.0026736259460449 0.0010002454121908
621 0.0029998620351156 0.0010001659393311
622 0.0026580492655436 0.0013417402903239
623 0.002666711807251 0.0013329188028971
624 0.0030023256937663 0.00099746386210124
625 0.0026666323343913 0.0010004838307699
626 0.0026655991872152 0.0013332366943359
627 0.0026671091715495 0.0013328393300374
628 0.0026671886444092 0.0013252894083659
629 0.0026740233103434 0.0010001659393311
630 0.0026745796203613 0.0013329982757568
631 0.0026660760243734 0.0013336340586344
632 0.0026664733886719 0.0013330777486165
633 0.0026668707529704 0.0010003248850505
634 0.0026743412017822 0.0013331572214762
635 0.0026660760243734 0.0013341108957926
636 0.0029993851979574 0.0010001659393311
637 0.0029999415079753 0.00099976857503255
638 0.0026743412017822 0.00099277496337891
639 0.0030066967010498 0.0010002454121908
640 0.0066746075948079 0.0016664663950602
641 0.0039999485015869 0.0016673405965169
642 0.0029999415079753 0.00099960962931315
643 0.0029997030893962 0.0010002454121908
644 0.0026745001475016 0.0013335545857747
645 0.0030001004536947 0.00099992752075195
646 0.002998431523641 0.0013349056243896
647 0.0026652812957764 0.0013343493143717
648 0.0029985109965007 0.0013333956400553
649 0.0030002593994141 0.00099992752075195
650 0.0030001799265544 0.0013333956400553
651 0.0026661554972331 0.0013339519500732
652 0.0029998620351156 0.00099905331929525
653 0.0030005772908529 0.0013326009114583
654 0.0030002593994141 0.0010003248850505
655 0.0026659965515137 0.0013349850972493
656 0.0029981931050618 0.0013339519500732
657 0.0026658376057943 0.0010006427764893
658 0.0030001004536947 0.0013335545857747
659 0.0026660760243734 0.0013378461201986
660 0.0029956499735514 0.0013329982757568
661 0.0030002593994141 0.00099992752075195
662 0.0030086835225423 0.00099841753641764
663 0.0029999415079753 0.0010014375050863
664 0.0030075709025065 0.00099968910217285
665 0.003000020980835 0.0013332366943359
666 0.0030008951822917 0.0013322830200195
667 0.0030005772908529 0.00099976857503255
668 0.0030070145924886 0.0010004043579102
669 0.0029997825622559 0.0010002454121908
670 0.0030070940653483 0.0013331572214762
671 0.0029927094777425 0.001007080078125
672 0.0030070940653483 0.0010003248850505
673 0.0029926300048828 0.0013407071431478
674 0.003334124883016 0.00099857648213704
675 0.0030004978179932 0.0013329188028971
676 0.0026744206746419 0.0013331572214762
677 0.003000020980835 0.0013333161671956
678 0.0029998620351156 0.0013329982757568
679 0.0029999415079753 0.0013336340586344
680 0.0029997825622559 0.0013329188028971
681 0.0029998620351156 0.0013337930043538
682 0.003000020980835 0.0013332366943359
683 0.0029999415079753 0.0013339519500732
684 0.0029998620351156 0.0013321240743001
685 0.0029999415079753 0.001334269841512
686 0.0033349990844727 0.00099778175354004
687 0.0033329327901204 0.00099960962931315
688 0.0070085525512695 0.0013335545857747
689 0.0029993851979574 0.0016671021779378
690 0.0029994646708171 0.001333475112915
691 0.003000020980835 0.0013337930043538
692 0.0029999415079753 0.0013327598571777
693 0.0033330917358398 0.0010000069936117
694 0.0030083656311035 0.001333475112915
695 0.0029997825622559 0.0013320446014404
696 0.0030092398325602 0.0013322035471598
697 0.0029996236165365 0.0013329982757568
698 0.0029921531677246 0.0013410250345866
699 0.003334124883016 0.0013325214385986
700 0.0030003388722738 0.0013335545857747
701 0.0033324559529622 0.0013252894083659
702 0.003342866897583 0.00099802017211914
703 0.0029998620351156 0.0016674995422363
704 0.0030004183451335 0.0013337930043538
705 0.003331979115804 0.00099960962931315
706 0.0033419132232666 0.00099889437357585
707 0.0033333301544189 0.0013341903686523
708 0.0033342043558757 0.0013314088185628
709 0.0030001799265544 0.0013333956400553
710 0.0030072530110677 0.0013341108957926
711 0.0029995441436768 0.0013333161671956
712 0.0030082066853841 0.0013325214385986
713 0.0033342043558757 0.0013323624928792
714 0.0033346811930339 0.0013316472371419
715 0.0030001004536947 0.0013335545857747
716 0.0030072530110677 0.0013332366943359
717 0.0033330917358398 0.0013333956400553
718 0.0033337275187174 0.001332680384318
719 0.0030001004536947 0.0013332366943359
720 0.0029999415079753 0.001341183980306
721 0.0033333301544189 0.0013332366943359
722 0.0030068556467692 0.0013332366943359
723 0.003333568572998 0.0013335545857747
724 0.0033343633015951 0.001331885655721
725 0.0033330122629801 0.0013338724772135
726 0.0033328533172607 0.0013330777486165
727 0.0033336480458577 0.001325527826945
728 0.0030078887939453 0.0013322830200195
729 0.0033332506815592 0.0013335545857747
730 0.0033338864644368 0.0013326009114583
731 0.0033333301544189 0.0013336340586344
732 0.0036586920420329 0.0010072390238444
733 0.0033334891001383 0.0016663074493408
734 0.0033346017201742 0.0013321240743001
735 0.003333568572998 0.0013327598571777
736 0.0036598046620687 0.0013403097788493
737 0.0036666393280029 0.0013329188028971
738 0.0036593278249105 0.0013405481974284
739 0.0033339659372965 0.0013326009114583
740 0.0033332506815592 0.0013336340586344
741 0.0033333301544189 0.0013254483540853
742 0.0033415953318278 0.001332680384318
743 0.0033331712086995 0.0013332366943359
744 0.0033342838287354 0.0013318061828613
745 0.0033333301544189 0.001332680384318
746 0.0033342043558757 0.001332680384318
747 0.0033342043558757 0.0016653537750244
748 0.0033346811930339 0.0013317267100016
749 0.0033339659372965 0.0013332366943359
750 0.0033418337504069 0.0013318061828613
751 0.0033333301544189 0.0013333956400553
752 0.0033423900604248 0.001331885655721
753 0.0033330917358398 0.0013330777486165
754 0.0033419926961263 0.0013322035471598
755 0.0033342838287354 0.0016652743021647
756 0.0033340454101562 0.0013324419657389
757 0.0033340454101562 0.0016658306121826
758 0.003334919611613 0.0013320446014404
759 0.0036661624908447 0.0013332366943359
760 0.0036598046620687 0.0013404687245687
761 0.0033328533172607 0.0013332366943359
762 0.0033334096272786 0.0013406276702881
763 0.003332773844401 0.0016665458679199
764 0.0033347606658936 0.0016653537750244
765 0.0033333301544189 0.001333475112915
766 0.0080077648162842 0.0016671021779378
767 0.0040000279744466 0.0016660690307617
768 0.0033241113026937 0.0016763210296631
769 0.0033331712086995 0.0013333161671956
770 0.0033416748046875 0.0013333161671956
771 0.0036651293436686 0.0013338724772135
772 0.0033334891001383 0.0013406276702881
773 0.0036664803822835 0.0013333956400553
774 0.0033337275187174 0.0013400713602702
775 0.003666877746582 0.0013337135314941
776 0.0033342043558757 0.0013401508331299
777 0.0036661624908447 0.0016671021779378
778 0.0036591688791911 0.0013405481974284
779 0.0036664009094238 0.0013331572214762
780 0.0036593278249105 0.0013406276702881
781 0.003666877746582 0.0013332366943359
782 0.003658930460612 0.00167449315389
783 0.003333568572998 0.0016656716664632
784 0.0036592483520508 0.0013405481974284
785 0.0033333301544189 0.001667579015096
786 0.0036586920420329 0.0013411045074463
787 0.0036661624908447 0.0013330777486165
788 0.0033407211303711 0.0016658306121826
789 0.0036670366923014 0.0013337930043538
790 0.0036579767862956 0.0016741752624512
791 0.0033332506815592 0.0016666253407796
792 0.003658930460612 0.0013405481974284
793 0.0036669572194417 0.0013329188028971
794 0.0036664009094238 0.0013402303059896
795 0.0036664803822835 0.001333475112915
796 0.0033338864644368 0.0016740163167318
797 0.0036658445994059 0.0013339519500732
798 0.0033330122629801 0.0016752084096273
799 0.003331979115804 0.0016671816507975
800 0.0036591688791911 0.0016733805338542
801 0.0033338864644368 0.0016659100850423
802 0.0036598841349284 0.001340389251709
803 0.0036665598551432 0.0016669432322184
804 0.0036590894063314 0.0013404687245687
805 0.0036661624908447 0.0016674200693766
806 0.0036590099334717 0.0013403097788493
807 0.0036665598551432 0.0013332366943359
808 0.0036593278249105 0.00167449315389
809 0.0036660035451253 0.0013338724772135
810 0.0036586920420329 0.0016738573710124
811 0.003666877746582 0.0013335545857747
812 0.0036659240722656 0.0013406276702881
813 0.003666083017985 0.0016678174336751
814 0.0036586125691732 0.0016733805338542
815 0.0036669572194417 0.001325527826945
816 0.0036643346150716 0.0013406276702881
817 0.0033331712086995 0.0016660690307617
818 0.0039998690287272 0.0013332366943359
819 0.0036666393280029 0.0016670227050781
820 0.0036595662434896 0.0016733010609945
821 0.0036666393280029 0.0013337135314941
822 0.0036664009094238 0.001341183980306
823 0.0036666393280029 0.0013329188028971
824 0.0036739508310954 0.0013338724772135
825 0.0039996306101481 0.0013332366943359
826 0.0036739508310954 0.0013333161671956
827 0.0040001074473063 0.0013332366943359
828 0.0036743481953939 0.0013336340586344
829 0.0040007432301839 0.001331885655721
830 0.003673791885376 0.0013332366943359
831 0.0040002663930257 0.0013336340586344
832 0.0036738713582357 0.0013332366943359
833 0.0040004253387451 0.0013328393300374
834 0.0036661624908447 0.0016735394795736
835 0.0036667188008626 0.0016665458679199
836 0.0036594867706299 0.0016764005025228
837 0.003663698832194 0.001666784286499
838 0.010008176167806 0.0016664663950602
839 0.0046666463216146 0.0016651153564453
840 0.003658135732015 0.00167449315389
841 0.0036664803822835 0.0016661485036214
842 0.0040010611216227 0.0016657511393229
843 0.0036661624908447 0.0016674995422363
844 0.0039990743001302 0.0013333161671956
845 0.0040002663930257 0.0016665458679199
846 0.0036696592966715 0.001663605372111
847 0.0039994716644287 0.0013341108957926
848 0.003666877746582 0.0016740163167318
849 0.0036659240722656 0.0016671816507975
850 0.0036739508310954 0.0016663869222005
851 0.0036669572194417 0.0016663074493408
852 0.0080074469248454 0.0020004908243815
853 0.005332867304484 0.0016657511393229
854 0.0096659660339355 0.0020004908243815
855 0.0053326288859049 0.0020004113515218
856 0.0040001074473063 0.0016659100850423
857 0.0040000279744466 0.0013331572214762
858 0.0040075778961182 0.0013332366943359
859 0.0039996306101481 0.001666784286499
860 0.0039995511372884 0.0016667048136393
861 0.0036663214365641 0.0016666253407796
862 0.0036741097768148 0.001665989557902
863 0.0039998690287272 0.0016669432322184
864 0.0039994716644287 0.0013337135314941
865 0.0039999485015869 0.0016665458679199
866 0.0036741892496745 0.0016665458679199
867 0.0039998690287272 0.0016668637593587
868 0.003999392191569 0.0016671816507975
869 0.0039993127187093 0.0013341108957926
870 0.0040071805318197 0.001333475112915
871 0.0040001074473063 0.0016663869222005
872 0.0040080547332764 0.0013326009114583
873 0.0040004253387451 0.001665989557902
874 0.0093417962392171 0.0019991397857666
875 0.005000114440918 0.0020003318786621
876 0.010339895884196 0.001666784286499
877 0.0046665668487549 0.0016662279764811
878 0.0040040810902913 0.0016661485036214
879 0.004000186920166 0.0016661485036214
880 0.0040009021759033 0.0016654332478841
881 0.0039998690287272 0.0016669432322184
882 0.0040074189503988 0.001332680384318
883 0.0036677519480387 0.0016667048136393
884 0.0040071805318197 0.0016667048136393
885 0.0040005048116048 0.0016664663950602
886 0.0040004253387451 0.0016670227050781
887 0.0039987564086914 0.0016667048136393
888 0.0040005048116048 0.0016656716664632
889 0.0039997895558675 0.0016677379608154
890 0.0040061473846436 0.0016698042551676
891 0.0039971669514974 0.0016670227050781
892 0.0039989948272705 0.001668373743693
893 0.0039989153544108 0.0016671021779378
894 0.0040084520975749 0.0016667048136393
895 0.0039997895558675 0.001665989557902
896 0.004000186920166 0.0016661485036214
897 0.0040002663930257 0.0016664663950602
898 0.00400710105896 0.0016669432322184
899 0.0039991537729899 0.0016671021779378
900 0.004008690516154 0.001665194829305
901 0.0040016969045003 0.0016659100850423
902 0.004332701365153 0.0016666253407796
903 0.0039996306101481 0.0016670227050781
904 0.0043341318766276 0.0016663074493408
905 0.0039989948272705 0.0016663869222005
906 0.0043334166208903 0.0016667048136393
907 0.0039997100830078 0.0016664663950602
908 0.0043329397837321 0.0016671816507975
909 0.0039999485015869 0.0016664663950602
910 0.0040074984232585 0.0016663869222005
911 0.0039998690287272 0.0020003318786621
912 0.0039994716644287 0.0020002524058024
913 0.0039993127187093 0.0016666253407796
914 0.0043338934580485 0.0016667048136393
915 0.0039994716644287 0.0016665458679199
916 0.0040046374003092 0.0016668637593587
917 0.0043328603108724 0.0016674200693766
918 0.0043326218922933 0.0016664663950602
919 0.0039999485015869 0.0016668637593587
920 0.0040075778961182 0.0016662279764811
921 0.0043328603108724 0.0016667048136393
922 0.0043331782023112 0.0016676584879557
923 0.0043328603108724 0.0016663869222005
924 0.0043330192565918 0.0016663074493408
925 0.004000186920166 0.0016667048136393
926 0.0040071805318197 0.0016666253407796
927 0.00433349609375 0.0016663074493408
928 0.0040068626403809 0.001667579015096
929 0.003999392191569 0.0016665458679199
930 0.0040077368418376 0.0016667048136393
931 0.0043324629465739 0.0016666253407796
932 0.0043335755666097 0.0016667048136393
933 0.0043330987294515 0.0016666253407796
934 0.0043328603108724 0.0016668637593587
935 0.0043333371480306 0.0016662279764811
936 0.0040071805318197 0.0019997755686442
937 0.0040001074473063 0.0016662279764811
938 0.0043324629465739 0.0016662279764811
939 0.00433349609375 0.0016667048136393
940 0.004007895787557 0.0016669432322184
941 0.0043327808380127 0.0016666253407796
942 0.0040075778961182 0.0019995371500651
943 0.0040000279744466 0.0019997755686442
944 0.0043338139851888 0.0016663869222005
945 0.0043327808380127 0.001666784286499
946 0.0040071805318197 0.0019999345143636
947 0.0040003458658854 0.002000093460083
948 0.0043326218922933 0.0016669432322184
949 0.0043336550394694 0.0019996166229248
950 0.0043327808380127 0.0016676584879557
951 0.0043326218922933 0.0016667048136393
952 0.0040074984232585 0.002000093460083
953 0.0043344497680664 0.0016653537750244
954 0.0043332576751709 0.0019993782043457
955 0.0043332576751709 0.0016671021779378
956 0.0043333371480306 0.0019993782043457
957 0.004000186920166 0.002000093460083
958 0.0043333371480306 0.0020000139872233
959 0.0039992332458496 0.0020015239715576
960 0.0043321450551351 0.002000093460083
961 0.0043325424194336 0.001666784286499
962 0.0043415228525798 0.0016662279764811
963 0.0043337345123291 0.0016667048136393
964 0.0043410460154215 0.0016666253407796
965 0.0043327808380127 0.0019998550415039
966 0.0043333371480306 0.0016665458679199
967 0.00433349609375 0.002000093460083
968 0.0040073394775391 0.0019998550415039
969 0.0043332576751709 0.0019995371500651
970 0.0043342113494873 0.0019995371500651
971 0.0043326218922933 0.0016665458679199
972 0.0043403307596842 0.0016672611236572
973 0.0043325424194336 0.0020004908243815
974 0.0043334166208903 0.0019992192586263
975 0.0043337345123291 0.0016686916351318
976 0.0043333371480306 0.0019996960957845
977 0.0043335755666097 0.0016661485036214
978 0.0043408075968424 0.0016667048136393
979 0.004666010538737 0.0016671816507975
980 0.0046665668487549 0.0016664663950602
981 0.0043328603108724 0.0019998550415039
982 0.004666805267334 0.0016667048136393
983 0.0043337345123291 0.0019992192586263
984 0.0046668847401937 0.0016664663950602
985 0.0046590169270833 0.0016738573710124
986 0.0043400923411051 0.0016669432322184
987 0.0046667257944743 0.0016662279764811
988 0.010674953460693 0.0023333231608073
989 0.0053331057230632 0.0023323694864909
990 0.010332981745402 0.0023333231608073
991 0.0053330262502035 0.0019996960957845
992 0.0046670436859131 0.0016660690307617
993 0.004667599995931 0.0016575654347738
994 0.0043418407440186 0.0019993782043457
995 0.0043331782023112 0.0016667048136393
996 0.0063339869181315 0.0019999345143636
997 0.0043327808380127 0.0019996960957845
998 0.010007381439209 0.0019998550415039
999 0.0056664148966471 0.0020003318786621
1000 0.0043338934580485 0.0019984245300293
1100 0.0049997965494792 0.0023337205251058
1200 0.0056662559509277 0.0023330847422282
1300 0.0060094197591146 0.00266432762146
1400 0.0066668192545573 0.0029995441436768
1500 0.0073337554931641 0.0030002593994141
1600 0.0076666673024495 0.003332773844401
1700 0.0080044269561768 0.0033334096272786
1800 0.0083402792612712 0.0036665598551432
1900 0.0090076128641764 0.003666083017985
2000 0.0096739927927653 0.0039995511372884
2100 0.010006745656331 0.00433349609375
2200 0.010332425435384 0.0049999554951986
2300 0.01099967956543 0.0053329467773438
2400 0.011666695276896 0.0053331851959229
2500 0.012335220972697 0.005330483118693
2600 0.012672901153564 0.005666971206665
2700 0.013006766637166 0.0060000419616699
2800 0.013666073481242 0.006332794825236
2900 0.014332850774129 0.0063334306081136
3000 0.014999230702718 0.0066664218902588
3100 0.015340566635132 0.0069993336995443
3200 0.015667756398519 0.0069987773895264
3300 0.01600726445516 0.0076666673024495
3400 0.016341209411621 0.0076668262481689
3500 0.017340342203776 0.0076673030853271
3600 0.017339785893758 0.0083329677581787
3700 0.017999172210693 0.0083332856496175
3800 0.018340110778809 0.0086663564046224
3900 0.019007126490275 0.0089993476867676
4000 0.019340515136719 0.0089993476867676
4100 0.020007292429606 0.009666363398234
4200 0.0210067431132 0.009332815806071
4300 0.021665652592977 0.0096662839253743
4400 0.022006750106812 0.009999672571818
4500 0.023006518681844 0.010333299636841
4600 0.023332516352336 0.010666131973267
4700 0.023998975753784 0.010666926701864
4800 0.024672905604045 0.011000394821167
4900 0.024673302968343 0.011665821075439
5000 0.025340557098389 0.01166566212972
5100 0.025672833124797 0.01200000445048
5200 0.026339133580526 0.011999686559041
5300 0.034672419230143 0.013332684834798
5400 0.036006053288778 0.013000090916951
5500 0.028340021769206 0.012665748596191
5600 0.028672774632772 0.012999614079793
5700 0.029005845387777 0.013666232426961
5800 0.029341220855713 0.014331499735514
5900 0.030333042144775 0.014332453409831
6000 0.030340353647868 0.014666080474854
6100 0.031006336212158 0.014667272567749
6200 0.0363396803538 0.015333652496338
6300 0.034672578175863 0.014999469121297
6400 0.032673199971517 0.015666087468465
6500 0.033006350199382 0.015666166941325
6600 0.033673127492269 0.016332467397054
6700 0.034665822982788 0.015999635060628
6800 0.0346732934316 0.016333897908529
6900 0.03533943494161 0.016665697097778
7000 0.036006450653076 0.016999483108521
7100 0.036339600880941 0.016999483108521
7200 0.037340084711711 0.017666101455688
7300 0.036998828252157 0.018332163492839
7400 0.037672281265259 0.018332799275716
7500 0.03800630569458 0.018332799275716
7600 0.038673321406047 0.018999735514323
7700 0.039332071940104 0.019332647323608
7800 0.039998292922974 0.018999973932902
7900 0.040332794189453 0.019665320714315
8000 0.040998140970866 0.019663492838542
8100 0.041673501332601 0.01966651280721
8200 0.041672547658285 0.020666281382243
8300 0.042339483896891 0.020999431610107
8400 0.043339808781942 0.021332343419393
8500 0.04400634765625 0.021332502365112
8600 0.044332345326742 0.022332588831584
8700 0.045340061187744 0.021665334701538
8800 0.04599928855896 0.021999279658
8900 0.047006209691366 0.022332111994425
9000 0.047339836756388 0.022998730341593
9100 0.048332293828328 0.023332754770915
9200 0.048664887746175 0.022999127705892
9300 0.04900582631429 0.02400000890096
9400 0.049664497375488 0.023333072662354
9500 0.051005601882935 0.0236656665802
9600 0.051339785257975 0.023999452590942
9700 0.051006317138672 0.024665991465251
9800 0.051671346028646 0.024999856948853
9900 0.051998376846313 0.025665362675985
10000 0.052339315414429 0.025999387105306
12000 0.063672065734863 0.030999263127645
14000 0.074671427408854 0.037331978480021
16000 0.08532969156901 0.042665322621663
18000 0.099337816238403 0.049331823984782
20000 0.11100435256958 0.054999192555745
22000 0.12366120020549 0.060331583023071
24000 0.13567002614339 0.06733242670695
26000 0.14566246668498 0.073664983113607
28000 0.15700236956278 0.079997698465983
30000 0.16933616002401 0.084997812906901
32000 0.17966858545939 0.091997941335042
34000 0.19700129826864 0.09999680519104
36000 0.20966060956319 0.1076701482137
38000 0.22266761461894 0.11399634679159
40000 0.23633273442586 0.11733055114746
42000 0.24733360608419 0.12632981936137
44000 0.26166621843974 0.132328748703
46000 0.2739991346995 0.13932919502258
48000 0.28466502825419 0.14666287104289
10 0.00099945068359375 0.00099984804789225
11 0.0010000069936117 0.00099992752075195
12 0.0010000069936117 0.0010000069936117
13 0.0010000069936117 0.00099984804789225
14 0.0010000069936117 0.00099992752075195
15 0.0010000069936117 0.00099992752075195
16 0.0010000864664714 0.00099984804789225
17 0.0010000864664714 0.00099984804789225
18 0.0010001659393311 0.00099984804789225
19 0.0010000864664714 0.00099984804789225
20 0.0010000069936117 0.00099984804789225
21 0.0010001659393311 0.00099984804789225
22 0.0010000864664714 0.00099984804789225
23 0.0010000069936117 0.00099984804789225
24 0.0010000864664714 0.00099992752075195
25 0.0010000069936117 0.00099992752075195
26 0.0010096232096354 0.0010000069936117
27 0.00099945068359375 0.0010004838307699
28 0.0010097026824951 0.0010000069936117
29 0.00099945068359375 0.0010004838307699
30 0.00099976857503255 0.0010000069936117
31 0.00099984804789225 0.0010000864664714
32 0.00099976857503255 0.0009923775990804
33 0.0010076363881429 0.0009916623433431
34 0.001000722249349 0.00099937121073405
35 0.001007874806722 0.0010004838307699
36 0.0010000069936117 0.0010000069936117
37 0.00099945068359375 0.0010004043579102
38 0.0009915033976237 0.00099992752075195
39 0.0010000069936117 0.0010000069936117
40 0.0010085900624593 0.00099984804789225
41 0.0009912649790446 0.0010083516438802
42 0.00099976857503255 0.0010000864664714
43 0.00099682807922363 0.0010002454121908
44 0.00099428494771322 0.0010000069936117
45 0.0010056495666504 0.0010030269622803
46 0.00099976857503255 0.00099817911783854
47 0.00099881490071615 0.0010029474894206
48 0.0010003248850505 0.00099674860636393
49 0.00099992752075195 0.0010027090708415
50 0.0010000864664714 0.00099730491638184
51 0.00099976857503255 0.00099460283915202
52 0.0010018348693848 0.001006285349528
53 0.0010002454121908 0.00099992752075195
54 0.0010001659393311 0.00099984804789225
55 0.00099976857503255 0.0010001659393311
56 0.0010000864664714 0.0010000069936117
57 0.00099937121073405 0.0010004043579102
58 0.00099945068359375 0.0010000069936117
59 0.00099992752075195 0.0010000069936117
60 0.0010000069936117 0.0010004043579102
61 0.00099953015645345 0.0010002454121908
62 0.00099960962931315 0.0010003248850505
63 0.0010000864664714 0.0010000864664714
64 0.00099945068359375 0.0010002454121908
65 0.00099976857503255 0.00099301338195801
66 0.0010072390238444 0.00099945068359375
67 0.0010000069936117 0.0010005633036296
68 0.00099937121073405 0.0010004838307699
69 0.00099992752075195 0.00099953015645345
70 0.0010006427764893 0.00099921226501465
71 0.0010004043579102 0.00099968910217285
72 0.0010004043579102 0.00099992752075195
73 0.0010000069936117 0.0010000864664714
74 0.001000722249349 0.0010000864664714
75 0.00099897384643555 0.0010000864664714
76 0.00099937121073405 0.00099992752075195
77 0.0010008017222087 0.00099960962931315
78 0.00099968910217285 0.0010004043579102
79 0.0009912649790446 0.001008669535319
80 0.00099937121073405 0.0010003248850505
81 0.0010001659393311 0.00099992752075195
82 0.00099953015645345 0.00099261601765951
83 0.0010072390238444 0.0010006427764893
84 0.00099984804789225 0.00099945068359375
85 0.0010004043579102 0.0010000069936117
86 0.00099945068359375 0.0010000864664714
87 0.0010005633036296 0.00099992752075195
88 0.0010019143422445 0.00099746386210124
89 0.0010001659393311 0.00099976857503255
90 0.0010004838307699 0.00099261601765951
91 0.00099960962931315 0.0010076363881429
92 0.00099960962931315 0.00099984804789225
93 0.0010005633036296 0.00099992752075195
94 0.00099945068359375 0.0010006427764893
95 0.00099976857503255 0.00099945068359375
96 0.001000722249349 0.00099937121073405
97 0.00099984804789225 0.0010001659393311
98 0.0010002454121908 0.00099984804789225
99 0.0010000864664714 0.00099953015645345
100 0.00099992752075195 0.0010000864664714
101 0.0010001659393311 0.00099968910217285
102 0.0010014375050863 0.00099865595499674
103 0.00099984804789225 0.0010005633036296
104 0.00099960962931315 0.0010003248850505
105 0.00099968910217285 0.00099960962931315
106 0.0010004043579102 0.0010000864664714
107 0.00099945068359375 0.0010002454121908
108 0.00099976857503255 0.00099984804789225
109 0.0010000864664714 0.0010002454121908
110 0.00099976857503255 0.001000722249349
111 0.00099913279215495 0.0010002454121908
112 0.00099960962931315 0.0010004043579102
113 0.0010015964508057 0.0009911060333252
114 0.0010072390238444 0.00099945068359375
115 0.0010003248850505 0.00099984804789225
116 0.00099984804789225 0.00099992752075195
117 0.0010000069936117 0.0010004043579102
118 0.00099960962931315 0.0010002454121908
119 0.00099984804789225 0.00099976857503255
120 0.0010001659393311 0.00099301338195801
121 0.0010066827138265 0.00099269549051921
122 0.0010075569152832 0.0010000864664714
123 0.00099984804789225 0.0010000069936117
124 0.00099968910217285 0.0010006427764893
125 0.00099960962931315 0.0010000069936117
126 0.00099960962931315 0.00099992752075195
127 0.0010031859079997 0.00099714597066243
128 0.00099984804789225 0.0010003248850505
129 0.00099992752075195 0.00099984804789225
130 0.001334269841512 0.00099984804789225
131 0.0013243357340495 0.0010087490081787
132 0.0016584396362305 0.0010002454121908
133 0.0010077158610026 0.0010004838307699
134 0.00099857648213704 0.0010008811950684
135 0.0010001659393311 0.00099984804789225
136 0.00099976857503255 0.0010008017222087
137 0.00099953015645345 0.00099086761474609
138 0.001007874806722 0.0010003248850505
139 0.00099277496337891 0.0010071595509847
140 0.00099960962931315 0.00099992752075195
141 0.0010003248850505 0.0010000069936117
142 0.0010001659393311 0.00099945068359375
143 0.0010006427764893 0.00099953015645345
144 0.00099976857503255 0.0010000864664714
145 0.0010001659393311 0.0010000069936117
146 0.00099984804789225 0.0010002454121908
147 0.00099953015645345 0.0010003248850505
148 0.0010000864664714 0.0009915033976237
149 0.0010006427764893 0.0010073979695638
150 0.0010010401407878 0.00099913279215495
151 0.00099984804789225 0.00099960962931315
152 0.0010000069936117 0.0010004043579102
153 0.00099992752075195 0.00099945068359375
154 0.0010017553965251 0.00099825859069824
155 0.0010000864664714 0.0010004838307699
156 0.00099937121073405 0.00099992752075195
157 0.00099301338195801 0.0010071595509847
158 0.00099984804789225 0.0010002454121908
159 0.00099285443623861 0.0010066827138265
160 0.0010001659393311 0.0010002454121908
161 0.0010003248850505 0.00099960962931315
162 0.00099968910217285 0.0009919007619222
163 0.0010082721710205 0.00099976857503255
164 0.0010004043579102 0.00099976857503255
165 0.0010000864664714 0.0010000069936117
166 0.0019996960957845 0.0010000864664714
167 0.00099984804789225 0.0009922981262207
168 0.0010073979695638 0.0010004838307699
169 0.00099984804789225 0.00099976857503255
170 0.0010000069936117 0.0010004838307699
171 0.00099960962931315 0.0010002454121908
172 0.00099960962931315 0.00099960962931315
173 0.0009921391805013 0.0010084311167399
174 0.00099984804789225 0.0010004043579102
175 0.00099388758341471 0.0010052522023519
176 0.0010004043579102 0.0010000864664714
177 0.00099953015645345 0.0010004043579102
178 0.0010006427764893 0.00099984804789225
179 0.00099913279215495 0.0010003248850505
180 0.000992218653361 0.0010076363881429
181 0.00099945068359375 0.00099293390909831
182 0.001007080078125 0.00099992752075195
183 0.00099992752075195 0.00099992752075195
184 0.0010006427764893 0.00099937121073405
185 0.00099261601765951 0.0010073184967041
186 0.0010004838307699 0.0010002454121908
187 0.0009911855061849 0.0010079542795817
188 0.0010000069936117 0.00099301338195801
189 0.0010073979695638 0.00099992752075195
190 0.00099976857503255 0.0010003248850505
191 0.00099992752075195 0.00099937121073405
192 0.0010006427764893 0.0009919007619222
193 0.0010073979695638 0.00099992752075195
194 0.0009925365447998 0.0010081132253011
195 0.0009924570719401 0.0010071595509847
196 0.00099984804789225 0.0010009606679281
197 0.00099921226501465 0.00099945068359375
198 0.00099261601765951 0.0010004838307699
199 0.0010068416595459 0.0010000069936117
200 0.0009925365447998 0.0010077158610026
201 0.00099976857503255 0.0009922981262207
202 0.0010074774424235 0.0010004043579102
203 0.0010000069936117 0.0010022322336833
204 0.00099754333496094 0.00099960962931315
205 0.00099317232767741 0.00099968910217285
206 0.0010071595509847 0.00099992752075195
207 0.0010001659393311 0.0010000864664714
208 0.00099960962931315 0.00099984804789225
209 0.0010005633036296 0.0010000069936117
210 0.001000722249349 0.00099889437357585
211 0.0010000069936117 0.00099976857503255
212 0.0009922981262207 0.0010074774424235
213 0.0010000864664714 0.0010000069936117
214 0.00099992752075195 0.00099992752075195
215 0.0010004838307699 0.00099992752075195
216 0.00099953015645345 0.0010002454121908
217 0.00099261601765951 0.00099937121073405
218 0.0010080337524414 0.0010009606679281
219 0.0010055700937907 0.00099301338195801
220 0.0010000069936117 0.0010004043579102
221 0.00099992752075195 0.00099945068359375
222 0.0013333956400553 0.0010000864664714
223 0.00099285443623861 0.0010070006052653
224 0.0010004838307699 0.00099992752075195
225 0.00099992752075195 0.00099953015645345
226 0.0026668707529704 0.0010010401407878
227 0.002666711807251 0.00099992752075195
228 0.00099921226501465 0.00099921226501465
229 0.0010005633036296 0.0009916623433431
230 0.0010077158610026 0.0010006427764893
231 0.0009921391805013 0.0010077953338623
232 0.0010049343109131 0.00099523862202962
233 0.00099945068359375 0.00099968910217285
234 0.00099333127339681 0.0010065237681071
235 0.0010015964508057 0.00099873542785645
236 0.0010005633036296 0.00099960962931315
237 0.00099929173787435 0.0010016759236654
238 0.0026664733886719 0.0013332366943359
239 0.0010008811950684 0.00099921226501465
240 0.00099889437357585 0.0010002454121908
241 0.0013347466786702 0.00098959604899089
242 0.0010089079538981 0.00099968910217285
243 0.0009921391805013 0.0010074774424235
244 0.0010008811950684 0.001001516977946
245 0.00099007288614909 0.0010072390238444
246 0.0010008017222087 0.00099968910217285
247 0.0016670227050781 0.0009912649790446
248 0.0010089079538981 0.00099984804789225
249 0.00099937121073405 0.00099984804789225
250 0.0010024706522624 0.00099746386210124
251 0.00099277496337891 0.0010076363881429
252 0.0010004043579102 0.0010004043579102
253 0.00099039077758789 0.0010081132253011
254 0.00099968910217285 0.0010004043579102
255 0.0010004043579102 0.0010004838307699
256 0.0010000069936117 0.0010004838307699
257 0.00099897384643555 0.0010003248850505
258 0.0013322830200195 0.0010008017222087
259 0.0010000069936117 0.00099976857503255
260 0.0010004043579102 0.00099953015645345
261 0.0010004043579102 0.00099897384643555
262 0.0009922981262207 0.0010004043579102
263 0.0010067621866862 0.0010016759236654
264 0.00099976857503255 0.00099945068359375
265 0.0010003248850505 0.00099945068359375
266 0.0010004043579102 0.0010000069936117
267 0.00099976857503255 0.0009921391805013
268 0.0010077953338623 0.0010002454121908
269 0.0009915033976237 0.00099945068359375
270 0.001007874806722 0.0010018348693848
271 0.00099786122639974 0.00099317232767741
272 0.0010071595509847 0.00099976857503255
273 0.0010008017222087 0.00099897384643555
274 0.0009921391805013 0.0010081926981608
275 0.0010030269622803 0.00099794069925944
276 0.0013322035471598 0.0010005633036296
277 0.0010008811950684 0.00099905331929525
278 0.0013274351755778 0.0010068416595459
279 0.00099849700927734 0.00099992752075195
280 0.00099992752075195 0.0010006427764893
281 0.00099929173787435 0.0010010401407878
282 0.00099078814188639 0.0010080337524414
283 0.00100310643514 0.00099658966064453
284 0.0013341903686523 0.00099984804789225
285 0.0010005633036296 0.00099849700927734
286 0.0010011196136475 0.00099929173787435
287 0.00099992752075195 0.0010005633036296
288 0.0009915828704834 0.0010005633036296
289 0.0010073979695638 0.00099976857503255
290 0.0010008811950684 0.00099913279215495
291 0.0010000864664714 0.0010004043579102
292 0.001325527826945 0.0010070006052653
293 0.0013257662455241 0.0010076363881429
294 0.0013257662455241 0.0010002454121908
295 0.001340389251709 0.0010001659393311
296 0.0013341108957926 0.00099889437357585
297 0.0010006427764893 0.00099937121073405
298 0.0013330777486165 0.0010022322336833
299 0.0013237794240316 0.0010074774424235
300 0.0013333161671956 0.0009924570719401
301 0.0010079542795817 0.00099960962931315
302 0.0013260046641032 0.0010073979695638
303 0.0010002454121908 0.00099905331929525
304 0.0036594072977702 0.001341978708903
305 0.0013337135314941 0.00099929173787435
306 0.0013324419657389 0.00099976857503255
307 0.0010012785593669 0.0009915033976237
308 0.001333475112915 0.001007874806722
309 0.0013326009114583 0.0010000069936117
310 0.0013260841369629 0.0010068416595459
311 0.0010002454121908 0.0010000069936117
312 0.0013329188028971 0.0010005633036296
313 0.0013258457183838 0.0010073979695638
314 0.001332680384318 0.00099277496337891
315 0.0013411045074463 0.00099937121073405
316 0.0013332366943359 0.0010002454121908
317 0.0013343493143717 0.00099913279215495
318 0.0013328393300374 0.0010003248850505
319 0.0010011990865072 0.00099968910217285
320 0.0036661624908447 0.0016671021779378
321 0.0020080407460531 0.00099992752075195
322 0.0013324419657389 0.0010003248850505
323 0.0013256867726644 0.0010074774424235
324 0.0013332366943359 0.0010006427764893
325 0.0013245741526286 0.001008669535319
326 0.0013252099355062 0.001007080078125
327 0.0013333161671956 0.00099301338195801
328 0.0013403097788493 0.0010004838307699
329 0.0013259251912435 0.0010072390238444
330 0.0013329188028971 0.00099317232767741
331 0.0013405481974284 0.00099976857503255
332 0.0013345082600911 0.00099841753641764
333 0.0013338724772135 0.00099960962931315
334 0.0013335545857747 0.0009918212890625
335 0.0013339519500732 0.0010073979695638
336 0.0013332366943359 0.0010011990865072
337 0.0013322830200195 0.00099953015645345
338 0.0013264020284017 0.0010073184967041
339 0.0013330777486165 0.0010000864664714
340 0.0013328393300374 0.0010005633036296
341 0.0013259251912435 0.0010072390238444
342 0.0016676584879557 0.00099881490071615
343 0.0013332366943359 0.00099968910217285
344 0.0016666253407796 0.00099992752075195
345 0.0013337930043538 0.00099976857503255
346 0.0016585985819499 0.0010099411010742
347 0.0013314088185628 0.0010002454121908
348 0.001332680384318 0.00099293390909831
349 0.0013332366943359 0.0010075569152832
350 0.0013327598571777 0.0010014375050863
351 0.0013321240743001 0.0010000069936117
352 0.0013256867726644 0.0010075569152832
353 0.0013339519500732 0.0009919007619222
354 0.0013407866160075 0.00099953015645345
355 0.0013260046641032 0.0010000069936117
356 0.0043417612711589 0.0016664663950602
357 0.0020001729329427 0.0010001659393311
358 0.001665194829305 0.0010001659393311
359 0.0013335545857747 0.00099945068359375
360 0.0016678174336751 0.00099102656046549
361 0.0016743342081706 0.0010004043579102
362 0.001333475112915 0.00099992752075195
363 0.001325527826945 0.001007080078125
364 0.0016666253407796 0.0010004838307699
365 0.0013251304626465 0.0010081132253011
366 0.0016665458679199 0.0010000069936117
367 0.0013333956400553 0.0010000069936117
368 0.0016671021779378 0.00099968910217285
369 0.0013326009114583 0.0009922981262207
370 0.0016670227050781 0.001007874806722
371 0.0016664663950602 0.0010010401407878
372 0.0016571680704753 0.0010077953338623
373 0.0013333956400553 0.00099992752075195
374 0.0016669432322184 0.00099960962931315
375 0.0016670227050781 0.00099960962931315
376 0.0013348261515299 0.00099873542785645
377 0.0016662279764811 0.0010000069936117
378 0.0016667048136393 0.00099984804789225
379 0.0013332366943359 0.0010004838307699
380 0.0016670227050781 0.0010010401407878
381 0.0013235410054525 0.0010000864664714
382 0.0016746520996094 0.00099968910217285
383 0.0016667048136393 0.00099992752075195
384 0.0016585985819499 0.0010089874267578
385 0.0016643206278483 0.00099897384643555
386 0.0016721884409587 0.00099428494771322
387 0.0013390382130941 0.001002311706543
388 0.0013336340586344 0.0010072390238444
389 0.0016663074493408 0.0010003248850505
390 0.0016661485036214 0.0010004043579102
391 0.0016666253407796 0.00099945068359375
392 0.0019999345143636 0.0010004043579102
393 0.0016665458679199 0.00099960962931315
394 0.0046679178873698 0.00099945068359375
395 0.0016667048136393 0.0010004043579102
396 0.0013404687245687 0.0010000069936117
397 0.0016670227050781 0.00099968910217285
398 0.0016674995422363 0.00099897384643555
399 0.0016670227050781 0.00099984804789225
400 0.0016739368438721 0.0010001659393311
401 0.0016667048136393 0.00099937121073405
402 0.0016680558522542 0.00099857648213704
403 0.0016671021779378 0.0010000069936117
404 0.0016674995422363 0.00099897384643555
405 0.0016663074493408 0.00099984804789225
406 0.0020004908243815 0.0009919007619222
407 0.0016747315724691 0.00099937121073405
408 0.0016666253407796 0.0010003248850505
409 0.0016663869222005 0.0010004043579102
410 0.0019923051198324 0.0010073184967041
411 0.0016663074493408 0.0010002454121908
412 0.0016741752624512 0.00099968910217285
413 0.0019999345143636 0.0010000069936117
414 0.0016666253407796 0.0010002454121908
415 0.0016668637593587 0.00099976857503255
416 0.0016740163167318 0.00099960962931315
417 0.0016671816507975 0.0009925365447998
418 0.0016737778981527 0.0010000864664714
419 0.0016666253407796 0.0010001659393311
420 0.0016581217447917 0.001007874806722
421 0.0016665458679199 0.0010000069936117
422 0.00199294090271 0.0010073184967041
423 0.0016669432322184 0.00099929173787435
424 0.0020004113515218 0.00099960962931315
425 0.0019998550415039 0.0010004838307699
426 0.0016736189524333 0.0010000069936117
427 0.0016668637593587 0.00099992752075195
428 0.0019997755686442 0.00099984804789225
429 0.0016670227050781 0.00099960962931315
430 0.0016739368438721 0.00099953015645345
431 0.0016669432322184 0.0010000864664714
432 0.0016745726267497 0.00099976857503255
433 0.0016667048136393 0.00099960962931315
434 0.0020001729329427 0.0010002454121908
435 0.0016665458679199 0.00099937121073405
436 0.0020005702972412 0.00099937121073405
437 0.0016671816507975 0.0010000069936117
438 0.0016665458679199 0.0010076363881429
439 0.0020000139872233 0.0009919007619222
440 0.0016737778981527 0.00099968910217285
441 0.0016666253407796 0.0009922981262207
442 0.0016747315724691 0.0010001659393311
443 0.0016649564107259 0.0010019938151042
444 0.0016733805338542 0.0010002454121908
445 0.0016660690307617 0.0010000069936117
446 0.001672903696696 0.0009921391805013
447 0.0016746520996094 0.0010025501251221
448 0.0019973119099935 0.0010002454121908
449 0.0016666253407796 0.0010000864664714
450 0.001658837000529 0.0010075569152832
451 0.0020001729329427 0.0010008017222087
452 0.0019986629486084 0.00099992752075195
453 0.0020004113515218 0.0010008811950684
454 0.0019986629486084 0.00099992752075195
455 0.0016677379608154 0.00099881490071615
456 0.0019998550415039 0.0010004043579102
457 0.0020008087158203 0.0010028680165609
458 0.0019962787628174 0.00099937121073405
459 0.002001682917277 0.00099889437357585
460 0.0016739368438721 0.00099960962931315
461 0.0016666253407796 0.0010003248850505
462 0.0019996960957845 0.00099984804789225
463 0.0020018418629964 0.00099809964497884
464 0.0020003318786621 0.00099984804789225
465 0.0019997755686442 0.00099984804789225
466 0.0020000139872233 0.0009920597076416
467 0.0016748905181885 0.00099953015645345
468 0.0019999345143636 0.00099388758341471
469 0.0020066897074382 0.0010000069936117
470 0.0019992192586263 0.0010004838307699
471 0.0019994576772054 0.0010002454121908
472 0.0020074049631755 0.0010003248850505
473 0.0019996960957845 0.0010000864664714
474 0.0016741752624512 0.0010008811950684
475 0.001998504002889 0.0010005633036296
476 0.0020072460174561 0.0010004043579102
477 0.0019997755686442 0.0009921391805013
478 0.0020079612731934 0.00099953015645345
479 0.0020005702972412 0.0010000069936117
480 0.0023325284322103 0.0010016759236654
481 0.0019989013671875 0.00099953015645345
482 0.002000093460083 0.0010005633036296
483 0.0020066102345785 0.00099285443623861
484 0.0019995371500651 0.0010004043579102
485 0.002000093460083 0.00099960962931315
486 0.0020072460174561 0.0009923775990804
487 0.0020080407460531 0.00099945068359375
488 0.0023341178894043 0.00099913279215495
489 0.0019999345143636 0.0010005633036296
490 0.0023331642150879 0.0010004838307699
491 0.001999298731486 0.0010002454121908
492 0.0023334821065267 0.001000722249349
493 0.0019989808400472 0.0010002454121908
494 0.0020079612731934 0.00099968910217285
495 0.0020012855529785 0.0010000864664714
496 0.0019990603129069 0.00099937121073405
497 0.0020010471343994 0.00099929173787435
498 0.0019995371500651 0.0009918212890625
499 0.0023418267567952 0.00099953015645345
500 0.0023337999979655 0.0010011196136475
501 0.0019987424214681 0.00099953015645345
502 0.0023333231608073 0.0010013580322266
503 0.0023320515950521 0.0010001659393311
504 0.0020077228546143 0.0010012785593669
505 0.0019988218943278 0.00099937121073405
506 0.0020076433817546 0.0010004043579102
507 0.0019991397857666 0.00099992752075195
508 0.0023335615793864 0.00099968910217285
509 0.0019999345143636 0.001000722249349
510 0.0060075918833415 0.0026670296986898
511 0.0043328603108724 0.00099937121073405
512 0.0063331921895345 0.0016665458679199
513 0.0026669502258301 0.0013333956400553
514 0.0026663939158122 0.0013333161671956
515 0.0023345152537028 0.0010008017222087
516 0.002007007598877 0.0010008017222087
517 0.0023328463236491 0.00099953015645345
518 0.0020069281260173 0.0010008811950684
519 0.00233260790507 0.0010000864664714
520 0.0020079612731934 0.0009915828704834
521 0.00234055519104 0.00099945068359375
522 0.0063418547312419 0.0019992192586263
523 0.0026669502258301 0.0013335545857747
524 0.0023327668507894 0.00099921226501465
525 0.0019919872283936 0.0010080337524414
526 0.002008597056071 0.00099873542785645
527 0.0023341178894043 0.00099976857503255
528 0.0023332436879476 0.00099905331929525
529 0.0023333231608073 0.0010000864664714
530 0.0023252169291178 0.0010089874267578
531 0.0019986629486084 0.0010000069936117
532 0.0023333231608073 0.0010004043579102
533 0.0023259321848551 0.0010068416595459
534 0.0023337999979655 0.001000722249349
535 0.0023325284322103 0.00099984804789225
536 0.002333402633667 0.0010005633036296
537 0.0023327668507894 0.00099929173787435
538 0.0023337205251058 0.0010003248850505
539 0.0023403962453206 0.00099968910217285
540 0.0023336410522461 0.0010000864664714
541 0.0023406346638997 0.00099976857503255
542 0.0023334821065267 0.0010011196136475
543 0.0023410320281982 0.00099976857503255
544 0.0023410320281982 0.0010005633036296
545 0.0023327668507894 0.00099992752075195
546 0.0023332436879476 0.0010013580322266
547 0.0023314158121745 0.0010000069936117
548 0.0026589234670003 0.0010003248850505
549 0.0026744206746419 0.00099984804789225
550 0.0023411115010579 0.0010008811950684
551 0.0023320515950521 0.0010003248850505
552 0.0026660760243734 0.00099333127339681
553 0.0023403962453206 0.00099945068359375
554 0.0023337999979655 0.0009918212890625
555 0.0023407936096191 0.0010008017222087
556 0.0023407936096191 0.0010011196136475
557 0.0023326873779297 0.00099960962931315
558 0.0023409525553385 0.0009923775990804
559 0.0023409525553385 0.00099976857503255
560 0.0023412704467773 0.0009920597076416
561 0.00234055519104 0.0010004043579102
562 0.0023408730824788 0.0009919802347819
563 0.0023415088653564 0.00099968910217285
564 0.0026668707529704 0.0009925365447998
565 0.0023401578267415 0.0010000069936117
566 0.0023410320281982 0.0010010401407878
567 0.0023326873779297 0.0010024706522624
568 0.0023410320281982 0.0010008017222087
569 0.0026657581329346 0.00099968910217285
570 0.0026665528615316 0.00099317232767741
571 0.0023404757181803 0.00099945068359375
572 0.0026670296986898 0.00099269549051921
573 0.0023401578267415 0.00099277496337891
574 0.0023401578267415 0.0013257662455241
575 0.0023403167724609 0.0010003248850505
576 0.0063411394755046 0.0010004838307699
577 0.0026663939158122 0.0010004043579102
578 0.0026649634043376 0.00099269549051921
579 0.0026747385660807 0.0010003248850505
580 0.0026653607686361 0.00099317232767741
581 0.0023409525553385 0.0010004838307699
582 0.0026745001475016 0.000992218653361
583 0.0023415088653564 0.00099897384643555
584 0.0026671091715495 0.00099277496337891
585 0.0023408730824788 0.0013264020284017
586 0.0023330052693685 0.0013329982757568
587 0.0023403167724609 0.0010004043579102
588 0.0026745796203613 0.0009918212890625
589 0.0030084451039632 0.00099976857503255
590 0.0026665528615316 0.0009919802347819
591 0.0026750564575195 0.00099953015645345
592 0.0023406346638997 0.00099269549051921
593 0.0023337999979655 0.00099976857503255
594 0.0063417752583822 0.0010004838307699
595 0.0026666323343913 0.00099897384643555
596 0.0023401578267415 0.0013260046641032
597 0.0026733875274658 0.0010012785593669
598 0.0026654402414958 0.00099277496337891
599 0.0026741027832031 0.00099953015645345
600 0.0023325284322103 0.0013256072998047
601 0.0026745001475016 0.00099953015645345
602 0.0026665528615316 0.0013341903686523
603 0.0026655991872152 0.00099992752075195
604 0.0026671886444092 0.00099261601765951
605 0.002674659093221 0.00099937121073405
606 0.0066758791605632 0.00099984804789225
607 0.0029989083607992 0.00099976857503255
608 0.0026737054189046 0.0010000069936117
609 0.0026674270629883 0.00099913279215495
610 0.0023412704467773 0.00099968910217285
611 0.0026741822560628 0.0010005633036296
612 0.0026666323343913 0.0013327598571777
613 0.002668301264445 0.00099945068359375
614 0.002674659093221 0.0010001659393311
615 0.0026653607686361 0.0010004043579102
616 0.0026739438374837 0.0009922981262207
617 0.0026742617289225 0.001335064570109
618 0.0066665013631185 0.0013327598571777
619 0.0030002593994141 0.00099937121073405
620 0.0053407351175944 0.0010008017222087
621 0.0026660760243734 0.001333475112915
622 0.0046659310658773 0.0013330777486165
623 0.0026668707529704 0.00099984804789225
624 0.0026749769846598 0.0010008017222087
625 0.0029991467793783 0.00099953015645345
626 0.0026734670003255 0.0013254483540853
627 0.0026755332946777 0.00099897384643555
628 0.0030010541280111 0.00099897384643555
629 0.002666711807251 0.0013333161671956
630 0.0080006917317708 0.0023320515950521
631 0.0033342838287354 0.0013330777486165
632 0.002674659093221 0.0010001659393311
633 0.0029998620351156 0.00099873542785645
634 0.0026749769846598 0.00099857648213704
635 0.0030013720194499 0.00099960962931315
636 0.0026741027832031 0.0013333161671956
637 0.0026669502258301 0.00099937121073405
638 0.0026713212331136 0.0013266404469808
639 0.0026736259460449 0.0010000069936117
640 0.0026739438374837 0.0013341903686523
641 0.0026656786600749 0.0013336340586344
642 0.0030001799265544 0.0010000069936117
643 0.002999226252238 0.00099992752075195
644 0.0026670296986898 0.0010000069936117
645 0.0030066967010498 0.001000722249349
646 0.002674659093221 0.0013330777486165
647 0.0030004183451335 0.00099984804789225
648 0.0026737054189046 0.0013336340586344
649 0.0026595592498779 0.0013407071431478
650 0.008333683013916 0.0033334891001383
651 0.0033322175343831 0.0013332366943359
652 0.0063250859578451 0.0013407866160075
653 0.0030001004536947 0.0013337135314941
654 0.0033408800760905 0.0013341903686523
655 0.0033334891001383 0.0013331572214762
656 0.0029996236165365 0.0013335545857747
657 0.0029999415079753 0.0010000864664714
658 0.0026750564575195 0.0013328393300374
659 0.0026669502258301 0.0013332366943359
660 0.0029917558034261 0.0013401508331299
661 0.0026671091715495 0.0013344287872314
662 0.0029981931050618 0.0013332366943359
663 0.0030002593994141 0.0009915033976237
664 0.0030082861582438 0.00099945068359375
665 0.0026591618855794 0.0016737778981527
666 0.0080006917317708 0.0033337275187174
667 0.003665288289388 0.0013333956400553
668 0.0063326358795166 0.0013333956400553
669 0.003000020980835 0.0013337930043538
670 0.003340482711792 0.001001516977946
671 0.0029988288879395 0.0013328393300374
672 0.003000020980835 0.0013333956400553
673 0.0030002593994141 0.00099929173787435
674 0.0030064582824707 0.0013332366943359
675 0.0029919942220052 0.0010077953338623
676 0.0030077298482259 0.00099937121073405
677 0.0029996236165365 0.0013326009114583
678 0.0029999415079753 0.0013333161671956
679 0.0029998620351156 0.0013337930043538
680 0.0029998620351156 0.0013332366943359
681 0.0029998620351156 0.00099992752075195
682 0.0030070940653483 0.0013332366943359
683 0.0029998620351156 0.0010000069936117
684 0.0046754678090413 0.0013326009114583
685 0.0033337275187174 0.001333475112915
686 0.0029982725779215 0.0013337930043538
687 0.003000020980835 0.0013329188028971
688 0.0026734670003255 0.0013339519500732
689 0.002999226252238 0.0013335545857747
690 0.0029919942220052 0.0013412634531657
691 0.0029995441436768 0.0013256867726644
692 0.0030075709025065 0.0013328393300374
693 0.0030002593994141 0.0013329188028971
694 0.0030006567637126 0.001332680384318
695 0.0030012925465902 0.0013322830200195
696 0.0033346811930339 0.00099047025044759
697 0.0033411979675293 0.0013333956400553
698 0.0030001004536947 0.0013330777486165
699 0.0030010541280111 0.0013322035471598
700 0.0029993851979574 0.0013411045074463
701 0.0029999415079753 0.0013253688812256
702 0.0083412329355876 0.0033336480458577
703 0.0033326943715413 0.0016671021779378
704 0.0029999415079753 0.0013331572214762
705 0.0033332506815592 0.0013332366943359
706 0.0029996236165365 0.0013335545857747
707 0.003332773844401 0.0013332366943359
708 0.0033338864644368 0.001331885655721
709 0.0033334891001383 0.0010000864664714
710 0.0030078887939453 0.0013329188028971
711 0.0033264954884847 0.001340389251709
712 0.0029996236165365 0.0016672611236572
713 0.002991517384847 0.0010081132253011
714 0.0030002593994141 0.0013250509897868
715 0.0033416748046875 0.0013331572214762
716 0.0033342043558757 0.0013322035471598
717 0.0033330122629801 0.0013338724772135
718 0.0033326148986816 0.0013333161671956
719 0.0030005772908529 0.0013340314229329
720 0.0030082066853841 0.0013241767883301
721 0.0033411184946696 0.0013332366943359
722 0.0033348401387533 0.0013327598571777
723 0.0033321380615234 0.0013332366943359
724 0.0033342043558757 0.0013327598571777
725 0.0033333301544189 0.0013333161671956
726 0.0033343633015951 0.001323938369751
727 0.0030085245768229 0.0013325214385986
728 0.0030073324839274 0.0013331572214762
729 0.0033339659372965 0.0013326009114583
730 0.003007968266805 0.001332680384318
731 0.0033331712086995 0.0013250509897868
732 0.0033342043558757 0.0010071595509847
733 0.0029966831207275 0.0013333956400553
734 0.0033423900604248 0.0013323624928792
735 0.0029997030893962 0.001333475112915
736 0.0033423105875651 0.0013315677642822
737 0.0033255418141683 0.0013413429260254
738 0.0033344427744548 0.0013316472371419
739 0.0033337275187174 0.0013329982757568
740 0.0090005397796631 0.0016669432322184
741 0.0040000279744466 0.0019994576772054
742 0.0033328533172607 0.0013337930043538
743 0.0033331712086995 0.0013339519500732
744 0.0033318996429443 0.001334269841512
745 0.0033334096272786 0.0013328393300374
746 0.0033430258433024 0.0013327598571777
747 0.0033330917358398 0.0013338724772135
748 0.0033340454101562 0.0013319651285807
749 0.003333568572998 0.0013329188028971
750 0.0033419926961263 0.0013324419657389
751 0.0033351580301921 0.0013312498728434
752 0.0059981346130371 0.0016666253407796
753 0.0033333301544189 0.0013332366943359
754 0.00334366162618 0.001331885655721
755 0.0033338069915771 0.0013327598571777
756 0.0096754233042399 0.0026666323343913
757 0.0039994716644287 0.0013325214385986
758 0.0033405621846517 0.0013339519500732
759 0.0033330917358398 0.0013249715169271
760 0.0056750774383545 0.0016662279764811
761 0.0033336480458577 0.0013332366943359
762 0.0033282438913981 0.001341978708903
763 0.0036663214365641 0.0013337135314941
764 0.0036576588948568 0.0013420581817627
765 0.0033250649770101 0.0013404687245687
766 0.0096749464670817 0.0026671886444092
767 0.003999392191569 0.0016655921936035
768 0.0036591688791911 0.0013421376546224
769 0.003332773844401 0.001666784286499
770 0.0033260981241862 0.0016740957895915
771 0.0033317406972249 0.0013352235158285
772 0.0060091018676758 0.0013331572214762
773 0.0036671161651611 0.0013331572214762
774 0.0033332506815592 0.0013409455617269
775 0.0036697387695312 0.0013296604156494
776 0.0036592483520508 0.0013407866160075
777 0.0036664803822835 0.0013272762298584
778 0.0036652088165283 0.0013407071431478
779 0.0033338069915771 0.0016663074493408
780 0.003658930460612 0.0013405481974284
781 0.0033337275187174 0.0016663074493408
782 0.0036591688791911 0.0013405481974284
783 0.0033340454101562 0.0016658306121826
784 0.0033268133799235 0.0016732215881348
785 0.0033331712086995 0.0016665458679199
786 0.0036591688791911 0.0013411045074463
787 0.0033331712086995 0.0016601880391439
788 0.0036652088165283 0.0013414223988851
789 0.0033330122629801 0.0016666253407796
790 0.0036586125691732 0.0013407071431478
791 0.0036669572194417 0.0013333161671956
792 0.0033326148986816 0.0013412634531657
793 0.0033334891001383 0.0013347466786702
794 0.003671407699585 0.0013326009114583
795 0.003659725189209 0.0013396739959717
796 0.0036592483520508 0.0016671021779378
797 0.0033402442932129 0.0013329982757568
798 0.0036591688791911 0.0013341903686523
799 0.0036730766296387 0.0013337135314941
800 0.0033318201700846 0.0016739368438721
801 0.003333568572998 0.0016671021779378
802 0.0036582946777344 0.0013406276702881
803 0.0036672751108805 0.0013326009114583
804 0.003658930460612 0.0013411045074463
805 0.0036665598551432 0.0013332366943359
806 0.0036669572194417 0.0013405481974284
807 0.0036670366923014 0.0013329188028971
808 0.003334124883016 0.0016737778981527
809 0.0036664803822835 0.0013333161671956
810 0.009674072265625 0.0016676584879557
811 0.0046659310658773 0.0020000139872233
812 0.0036582946777344 0.0013418197631836
813 0.0036670366923014 0.0013327598571777
814 0.0033344427744548 0.0016740163167318
815 0.0036666393280029 0.0013329188028971
816 0.0036652088165283 0.0013431708017985
817 0.0036648909250895 0.0016667048136393
818 0.0036588509877523 0.0016752084096273
819 0.0036656856536865 0.0013277530670166
820 0.0036663214365641 0.0016672611236572
821 0.0036730766296387 0.0013341903686523
822 0.0036753018697103 0.0013329982757568
823 0.003667672475179 0.001665194829305
824 0.0036591688791911 0.0016747315724691
825 0.0036667982737223 0.0016657511393229
826 0.003658930460612 0.0016753673553467
827 0.0036661624908447 0.001333475112915
828 0.003657341003418 0.0016745726267497
829 0.0036667982737223 0.0016658306121826
830 0.0036590894063314 0.0016739368438721
831 0.0036678314208984 0.0016663074493408
832 0.0036582152048747 0.0016748905181885
833 0.0036664009094238 0.001665989557902
834 0.0036592483520508 0.0016751289367676
835 0.0036677519480387 0.0016647179921468
836 0.0036600430806478 0.0016731421152751
837 0.003666877746582 0.0016660690307617
838 0.0039970874786377 0.0013359387715658
839 0.0036667188008626 0.0016667048136393
840 0.0036748250325521 0.0016663869222005
841 0.003666877746582 0.0013335545857747
842 0.010666529337565 0.0026667912801107
843 0.0043321450551351 0.0016666253407796
844 0.0039997100830078 0.0016667048136393
845 0.0036669572194417 0.0016663869222005
846 0.0039998690287272 0.0013333161671956
847 0.0040004253387451 0.0013326009114583
848 0.0036665598551432 0.00167449315389
849 0.0036662419637044 0.0016667048136393
850 0.0040001074473063 0.0013332366943359
851 0.0039999485015869 0.001665989557902
852 0.0040003458658854 0.0013333956400553
853 0.0039925575256348 0.0013335545857747
854 0.0036576588948568 0.0016745726267497
855 0.0039969285329183 0.0013337135314941
856 0.0036664803822835 0.0016717116038005
857 0.0040027300516764 0.0013337930043538
858 0.0036667982737223 0.0016749699910482
859 0.0039995511372884 0.0013329188028971
860 0.0036624272664388 0.0016743342081706
861 0.0039999485015869 0.0016664663950602
862 0.0040002663930257 0.0013327598571777
863 0.0039997895558675 0.0016673405965169
864 0.0039994716644287 0.0013333161671956
865 0.0039996306101481 0.0016671816507975
866 0.0036666393280029 0.0016739368438721
867 0.0039999485015869 0.0013336340586344
868 0.0039997100830078 0.0013328393300374
869 0.0040005048116048 0.0016664663950602
870 0.0040000279744466 0.0016665458679199
871 0.0039997100830078 0.0016663074493408
872 0.004000186920166 0.0016666253407796
873 0.0036662419637044 0.0016666253407796
874 0.0040075778961182 0.0013333956400553
875 0.0040000279744466 0.0016661485036214
876 0.0036753018697103 0.001665194829305
877 0.0040004253387451 0.0016664663950602
878 0.0039997895558675 0.0016667048136393
879 0.0039997895558675 0.001333475112915
880 0.0040080547332764 0.0013328393300374
881 0.0036667982737223 0.0016665458679199
882 0.0040074984232585 0.001333475112915
883 0.0040005048116048 0.0016659100850423
884 0.0040081342061361 0.0016660690307617
885 0.0036670366923014 0.0016665458679199
886 0.0040075778961182 0.0013338724772135
887 0.003999392191569 0.0016666253407796
888 0.0040077368418376 0.0016662279764811
889 0.004000186920166 0.001666784286499
890 0.0039997895558675 0.0016669432322184
891 0.0039996306101481 0.0016664663950602
892 0.0036742687225342 0.0016671816507975
893 0.0036664009094238 0.0016666253407796
894 0.0040078163146973 0.0016663869222005
895 0.003999392191569 0.0016669432322184
896 0.0039996306101481 0.0016666253407796
897 0.0040003458658854 0.0016661485036214
898 0.0040063858032227 0.0016597112019857
899 0.0040074984232585 0.0016584396362305
900 0.0043400923411051 0.0016671021779378
901 0.0039998690287272 0.0016666253407796
902 0.0039998690287272 0.001666784286499
903 0.0039993127187093 0.0016673405965169
904 0.004007895787557 0.0016674200693766
905 0.0039920012156169 0.0016736189524333
906 0.0070080757141113 0.0016666253407796
907 0.0043337345123291 0.0016582806905111
908 0.010340611139933 0.0019995371500651
909 0.0050005912780762 0.0019999345143636
910 0.0043257077534993 0.0016740163167318
911 0.0039997895558675 0.0016660690307617
912 0.0040071805318197 0.0016671021779378
913 0.0039999485015869 0.0016661485036214
914 0.0040077368418376 0.0016664663950602
915 0.003999392191569 0.0016670227050781
916 0.0040076573689779 0.0016665458679199
917 0.0040004253387451 0.0016662279764811
918 0.0060091018676758 0.0019993782043457
919 0.0043338139851888 0.001665194829305
920 0.010007858276367 0.0019996166229248
921 0.0053337415059408 0.0019998550415039
922 0.0040000279744466 0.0019992192586263
923 0.0040002663930257 0.0016669432322184
924 0.0040080547332764 0.0016663074493408
925 0.004000186920166 0.0016670227050781
926 0.0039985179901123 0.0016729831695557
927 0.0043331782023112 0.0016671816507975
928 0.0043330192565918 0.0016668637593587
929 0.0039997100830078 0.001666784286499
930 0.0040060679117839 0.0020000139872233
931 0.0039995511372884 0.0016666253407796
932 0.0040073394775391 0.0016664663950602
933 0.0043337345123291 0.0016663074493408
934 0.0043329397837321 0.0016671021779378
935 0.0039997100830078 0.0019932587941488
936 0.004339853922526 0.0016678174336751
937 0.0039989948272705 0.0019994576772054
938 0.0043334166208903 0.0016665458679199
939 0.0040003458658854 0.0019997755686442
940 0.004332701365153 0.0016666253407796
941 0.0043338139851888 0.0016663869222005
942 0.0043328603108724 0.0016669432322184
943 0.0043328603108724 0.0016665458679199
944 0.0040071805318197 0.0016670227050781
945 0.0043327808380127 0.0016671816507975
946 0.0040074189503988 0.001666784286499
947 0.0040002663930257 0.0019935766855876
948 0.0070066452026367 0.0016667048136393
949 0.00433349609375 0.0019992192586263
950 0.010332981745402 0.0023262500762939
951 0.0053397019704183 0.0020003318786621
952 0.0043328603108724 0.001666784286499
953 0.00433349609375 0.0016661485036214
954 0.0043409665425618 0.0016660690307617
955 0.0043335755666097 0.0016663074493408
956 0.0043338934580485 0.0019996960957845
957 0.0043332576751709 0.0016660690307617
958 0.0043330987294515 0.0019931793212891
959 0.0040070215861003 0.0019996960957845
960 0.0043331782023112 0.0016671816507975
961 0.004326343536377 0.0020065307617188
962 0.0043332576751709 0.0016674200693766
963 0.0039987564086914 0.0020004113515218
964 0.0043330987294515 0.0019999345143636
965 0.0039996306101481 0.0020003318786621
966 0.0043332576751709 0.0019999345143636
967 0.0043330987294515 0.0016602675120036
968 0.0043391386667887 0.0020001729329427
969 0.0043329397837321 0.0016665458679199
970 0.0043404102325439 0.0016666253407796
971 0.0043334166208903 0.0020001729329427
972 0.0043331782023112 0.0019996960957845
973 0.004000186920166 0.0019994576772054
974 0.0043332576751709 0.0019999345143636
975 0.0043333371480306 0.0016666253407796
976 0.0043400923411051 0.0016666253407796
977 0.0039999485015869 0.0020002524058024
978 0.0043403307596842 0.0016662279764811
979 0.0043337345123291 0.0019996960957845
980 0.0043334166208903 0.0019994576772054
981 0.0043335755666097 0.0019995371500651
982 0.0043331782023112 0.0020003318786621
983 0.00433349609375 0.001667579015096
984 0.004332701365153 0.0020003318786621
985 0.0043264230092367 0.0016734600067139
986 0.0043412844340007 0.0016663869222005
987 0.004666010538737 0.0016667048136393
988 0.0043413639068604 0.0016667048136393
989 0.0046663284301758 0.0016677379608154
990 0.0043415228525798 0.0016693274180094
991 0.0043303966522217 0.0019996960957845
992 0.0043404897054036 0.0020001729329427
993 0.004000981648763 0.0023333231608073
994 0.0043318271636963 0.0020000139872233
995 0.0043341318766276 0.0020000139872233
996 0.0046666463216146 0.0016667048136393
997 0.0046674410502116 0.0016579627990723
998 0.01167631149292 0.0023321310679118
999 0.0050006707509359 0.0019999345143636
1000 0.010674715042114 0.0023336410522461
1100 0.0056660970052083 0.0019996960957845
1200 0.0053403377532959 0.0023345947265625
1300 0.013007322947184 0.0030005772908529
1400 0.0096745491027832 0.0026669502258301
1500 0.0070086320241292 0.0029989878336589
1600 0.0073411464691162 0.0033336480458577
1700 0.0079997380574544 0.0036594072977702
1800 0.0083324114481608 0.0036712487538656
1900 0.0090027650197347 0.0036666393280029
2000 0.0090071360270182 0.0043331782023112
2100 0.010333140691121 0.0043330987294515
2200 0.01067328453064 0.0046663284301758
2300 0.010673681894938 0.0050005118052165
2400 0.011340220769246 0.0053331851959229
2500 0.012008508046468 0.0056653022766113
2600 0.012666622797648 0.0056657791137695
2700 0.013006925582886 0.0060002009073893
2800 0.013673067092896 0.0060002009073893
2900 0.014333327611287 0.0063408215840658
3000 0.022673845291138 0.0070000489552816
3100 0.023006041844686 0.0070000489552816
3200 0.015674114227295 0.0069998105367025
3300 0.016340653101603 0.0069996515909831
3400 0.016674200693766 0.0076595147450765
3500 0.017337799072266 0.0080020427703857
3600 0.017665545145671 0.0083331267038981
3700 0.01799996693929 0.0083332061767578
3800 0.018340190251668 0.0086663564046224
3900 0.019000053405762 0.0089990297953288
4000 0.019333362579346 0.0093331336975098
4100 0.020332495371501 0.0093332131703695
4200 0.020674546559652 0.0093324979146322
4300 0.021673361460368 0.0099999904632568
4400 0.022007306416829 0.010333379109701
4500 0.022341092427572 0.010332902272542
4600 0.022673686345418 0.010332663853963
4700 0.024006923039754 0.010666290918986
4800 0.024007161458333 0.010999043782552
4900 0.024673938751221 0.011666456858317
5000 0.031006574630737 0.012666861216227
5100 0.027339696884155 0.012334664662679
5200 0.026007890701294 0.01266622543335
5300 0.026673952738444 0.012666622797648
5400 0.027340730031331 0.012998898824056
5500 0.028006871541341 0.013334512710571
5600 0.028339862823486 0.013000090916951
5700 0.028673728307088 0.013666709264119
5800 0.029340426127116 0.013999064763387
5900 0.02967357635498 0.01433277130127
6000 0.030332406361898 0.014665762583415
6100 0.030999183654785 0.014999866485596
6200 0.031007766723633 0.015331824620565
6300 0.04133947690328 0.015999396642049
6400 0.035340388615926 0.01533317565918
6500 0.033006111780802 0.015999396642049
6600 0.033672968546549 0.015666961669922
6700 0.034332275390625 0.016333103179932
6800 0.034672896067301 0.016666173934937
6900 0.03566567103068 0.016333103179932
7000 0.035672903060913 0.016666491826375
7100 0.036340157190959 0.01699964205424
7200 0.037006139755249 0.017332871754964
7300 0.03733237584432 0.017666180928548
7400 0.03767474492391 0.018331527709961
7500 0.038006464640299 0.018332799275716
7600 0.038673241933187 0.019333044687907
7700 0.039673646291097 0.018666346867879
7800 0.040006240208944 0.019000053405762
7900 0.040006478627523 0.018999656041463
8000 0.041005214055379 0.019332806269328
8100 0.041340351104736 0.019666194915771
8200 0.041673501332601 0.020666122436523
8300 0.042006731033325 0.020999590555827
8400 0.04334020614624 0.020998954772949
8500 0.044006903966268 0.021666447321574
8600 0.044998327891032 0.021000464757284
8700 0.045330365498861 0.021665811538696
8800 0.055331389109294 0.022999207178752
8900 0.05500594774882 0.022332429885864
9000 0.047673304875692 0.022667249043783
9100 0.047674099604289 0.022666136423747
9200 0.048340161641439 0.022998491923014
9300 0.04833189646403 0.023332595825195
9400 0.049006938934326 0.023665428161621
9500 0.050007263819377 0.023665030797323
9600 0.051006952921549 0.024332682291667
9700 0.050673166910807 0.024998505910238
9800 0.051332553227743 0.024999062220256
9900 0.052339235941569 0.027332464853923
10000 0.052332719167074 0.025665521621704
12000 0.063672383626302 0.030665795008341
14000 0.075004577636719 0.036332368850708
16000 0.085671981175741 0.041999101638794
18000 0.098671833674113 0.048998832702637
20000 0.11066357294718 0.054331064224243
22000 0.12200482686361 0.061330954233805
24000 0.13467033704122 0.067331075668335
26000 0.14533670743306 0.073330958684285
28000 0.15800372759501 0.07966423034668
30000 0.16900237401326 0.085663874944051
32000 0.1786687374115 0.091997861862183
34000 0.19733516375224 0.097663561503092
36000 0.20999344189962 0.10667196909587
38000 0.2223269144694 0.11200396219889
40000 0.24532548586528 0.11966371536255
42000 0.25900014241536 0.1273287932078
44000 0.27565709749858 0.13166069984436
46000 0.27200078964233 0.13832982381185
48000 0.28366565704346 0.14466238021851
50000 0.31065646807353 0.14966217676799
52000 0.31733194986979 0.16699504852295
54000 0.32132442792257 0.16232824325562
56000 0.34098871548971 0.1716616153717
58000 0.35932922363281 0.17766133944194
60000 0.35432291030884 0.18599486351013
62000 0.36766409873962 0.1899942557017
64000 0.39365386962891 0.19399468104045
66000 0.41232864061991 0.20566082000732
68000 0.41632103919983 0.21633497873942
70000 0.43132162094116 0.2186586856842
72000 0.44399531682332 0.22732631365458
74000 0.46099479993184 0.2306600411733
76000 0.47332056363424 0.23933307329814
78000 0.48599203427633 0.24799386660258
80000 0.4999938805898 0.25432292620341
82000 0.513325770696 0.26165930430094
84000 0.52731760342916 0.26399238904317
86000 0.54798277219137 0.27732594807943
88000 0.56698234875997 0.28165833155314
90000 0.5623254776001 0.28865814208984
92000 0.57464917500814 0.29532527923584
94000 0.58865729967753 0.30399068196615
96000 0.60131525993347 0.31032411257426
98000 0.61464866002401 0.3186571598053
